-10.08 -97.200005 -10.08 -97.200005
-10.08 -97.200005 -10.08 -97.200005
-10.08 -97.200005 -8.639999 -104.4
-10.08 -97.200005 -10.08 -97.200005
-10.08 -97.200005 -8.639999 -104.4
-10.08 -97.200005 -8.639999 -104.4
-10.08 -114.48 0.0 -118.08
-10.08 -114.48 4.3199997 -118.799995
-10.08 -114.48 5.04 -122.4
-10.08 -114.48 5.7599998 -120.96
-10.08 -114.48 17.279999 -124.56
-8.639999 -104.4 -4.3199997 -129.59999
-8.639999 -104.4 12.24 -132.48
-4.3199997 -129.59999 3.6000001 -130.31999
-4.3199997 -129.59999 12.24 -132.48
-4.3199997 -129.59999 28.079998 -146.88
0.0 -118.08 4.3199997 -118.799995
0.0 -118.08 17.279999 -124.56
0.0 -118.08 23.76 -129.59999
3.6000001 -130.31999 5.04 -122.4
3.6000001 -130.31999 5.7599998 -120.96
3.6000001 -130.31999 23.76 -129.59999
4.3199997 -118.799995 17.279999 -124.56
4.3199997 -118.799995 17.279999 -125.28
4.3199997 -118.799995 23.76 -129.59999
4.3199997 -118.799995 30.24 -124.56
5.04 -122.4 5.7599998 -120.96
5.04 -122.4 12.24 -132.48
5.04 -122.4 17.279999 -126.0
5.04 -122.4 18.72 -131.04001
5.04 -122.4 23.76 -141.84
5.04 -122.4 23.76 -129.59999
5.7599998 -120.96 17.279999 -126.0
5.7599998 -120.96 23.76 -129.59999
5.7599998 -120.96 30.24 -124.56
12.24 -132.48 28.079998 -146.88
12.24 -132.48 28.800001 -147.59999
12.24 -132.48 30.24 -148.31999
12.24 -132.48 32.399998 -149.04
12.24 -132.48 32.399998 -149.04
17.279999 -124.56 17.279999 -124.56
17.279999 -124.56 21.6 -123.12
17.279999 -124.56 23.76 -129.59999
17.279999 -124.56 23.76 -122.4
17.279999 -124.56 25.920002 -125.28
17.279999 -124.56 25.920002 -125.28
17.279999 -124.56 28.079998 -134.64
17.279999 -124.56 29.52 -128.88
17.279999 -124.56 30.24 -124.56
17.279999 -126.0 17.279999 -124.56
17.279999 -126.0 23.76 -129.59999
17.279999 -126.0 24.48 -127.44
17.279999 -126.0 27.36 -130.31999
17.279999 -126.0 28.800001 -131.04001
17.279999 -124.56 17.279999 -125.28
17.279999 -124.56 23.76 -129.59999
17.279999 -124.56 23.76 -122.4
17.279999 -124.56 24.48 -127.44
17.279999 -124.56 27.36 -130.31999
17.279999 -124.56 28.800001 -131.04001
17.279999 -124.56 30.24 -124.56
17.279999 -125.28 18.72 -131.04001
17.279999 -125.28 23.76 -129.59999
17.279999 -125.28 24.48 -127.44
17.279999 -125.28 29.52 -128.88
18.72 -131.04001 21.6 -138.95999
18.72 -131.04001 23.76 -141.84
18.72 -131.04001 29.52 -128.88
18.72 -131.04001 30.960001 -130.31999
21.6 -138.95999 23.76 -129.59999
21.6 -138.95999 24.48 -127.44
21.6 -138.95999 30.24 -148.31999
21.6 -123.12 23.76 -129.59999
21.6 -123.12 23.76 -122.4
21.6 -123.12 25.920002 -125.28
21.6 -123.12 25.920002 -125.28
21.6 -123.12 29.52 -128.88
23.76 -141.84 28.079998 -146.88
23.76 -141.84 28.800001 -147.59999
23.76 -141.84 30.24 -148.31999
23.76 -141.84 32.399998 -149.04
23.76 -141.84 32.399998 -149.04
23.76 -141.84 32.399998 -151.92
23.76 -141.84 33.12 -154.8
23.76 -141.84 45.36 -145.44
23.76 -129.59999 24.48 -127.44
23.76 -129.59999 26.64 -140.40001
23.76 -129.59999 27.36 -130.31999
23.76 -129.59999 28.800001 -131.04001
23.76 -129.59999 29.52 -128.88
23.76 -129.59999 30.24 -124.56
23.76 -129.59999 30.24 -127.44
23.76 -129.59999 30.960001 -136.8
23.76 -129.59999 30.960001 -130.31999
23.76 -129.59999 35.28 -135.36
23.76 -129.59999 35.28 -133.2
23.76 -129.59999 38.88 -143.28
23.76 -129.59999 38.88 -136.08
23.76 -129.59999 39.600002 -131.76001
23.76 -129.59999 41.04 -139.68001
23.76 -129.59999 43.920002 -133.2
23.76 -129.59999 46.8 -140.40001
23.76 -122.4 25.920002 -125.28
23.76 -122.4 25.920002 -125.28
23.76 -122.4 29.52 -128.88
23.76 -122.4 30.24 -124.56
24.48 -127.44 28.800001 -131.04001
24.48 -127.44 30.24 -124.56
24.48 -127.44 39.600002 -131.76001
25.920002 -125.28 25.920002 -125.28
25.920002 -125.28 38.88 -136.08
25.920002 -125.28 38.88 -136.08
26.64 -140.40001 28.079998 -134.64
26.64 -140.40001 38.88 -143.28
27.36 -130.31999 28.800001 -131.04001
27.36 -130.31999 30.960001 -136.8
27.36 -130.31999 35.28 -135.36
27.36 -130.31999 43.920002 -133.2
28.079998 -146.88 28.800001 -147.59999
28.079998 -146.88 30.24 -148.31999
28.079998 -146.88 32.399998 -149.04
28.079998 -146.88 32.399998 -149.04
28.079998 -146.88 32.399998 -151.92
28.079998 -146.88 33.12 -154.8
28.079998 -146.88 45.36 -145.44
28.079998 -146.88 46.079998 -146.88
28.079998 -146.88 51.12 -147.59999
28.079998 -146.88 55.44 -158.40001
28.079998 -134.64 30.960001 -136.8
28.079998 -134.64 35.28 -135.36
28.079998 -134.64 38.88 -143.28
28.079998 -134.64 39.600002 -131.76001
28.800001 -131.04001 33.84 -136.8
28.800001 -131.04001 33.84 -136.8
28.800001 -131.04001 39.600002 -131.76001
28.800001 -131.04001 43.920002 -133.2
28.800001 -147.59999 30.24 -148.31999
28.800001 -147.59999 32.399998 -149.04
28.800001 -147.59999 32.399998 -149.04
28.800001 -147.59999 33.12 -154.8
28.800001 -147.59999 45.36 -145.44
28.800001 -147.59999 46.079998 -146.88
29.52 -128.88 30.24 -127.44
29.52 -128.88 30.960001 -130.31999
29.52 -128.88 33.84 -125.28
29.52 -128.88 33.84 -126.72
29.52 -128.88 35.28 -133.2
29.52 -128.88 37.44 -132.48
29.52 -128.88 38.159996 -133.2
29.52 -128.88 38.88 -136.08
29.52 -128.88 38.88 -138.23999
29.52 -128.88 40.32 -135.36
30.24 -148.31999 32.399998 -149.04
30.24 -148.31999 32.399998 -149.04
30.24 -148.31999 33.12 -154.8
30.24 -148.31999 45.36 -145.44
30.24 -148.31999 46.079998 -146.88
30.24 -148.31999 55.44 -158.40001
30.24 -124.56 79.200005 -126.0
30.24 -127.44 30.960001 -130.31999
30.24 -127.44 33.84 -126.72
30.24 -127.44 38.88 -136.08
30.960001 -136.8 31.68 -141.12
30.960001 -136.8 34.559998 -137.52
30.960001 -136.8 35.28 -135.36
30.960001 -136.8 38.88 -143.28
30.960001 -136.8 38.88 -136.08
30.960001 -130.31999 33.84 -125.28
30.960001 -130.31999 33.84 -126.72
30.960001 -130.31999 37.44 -132.48
30.960001 -130.31999 38.159996 -133.2
30.960001 -130.31999 38.88 -136.08
30.960001 -130.31999 38.88 -138.23999
31.68 -141.12 34.559998 -137.52
31.68 -141.12 35.28 -135.36
31.68 -141.12 38.88 -143.28
32.399998 -149.04 32.399998 -149.04
32.399998 -149.04 33.12 -154.8
32.399998 -149.04 45.36 -145.44
32.399998 -149.04 46.079998 -146.88
32.399998 -149.04 51.12 -147.59999
32.399998 -149.04 55.44 -158.40001
32.399998 -149.04 33.12 -154.8
32.399998 -149.04 45.36 -145.44
32.399998 -149.04 46.079998 -146.88
32.399998 -149.04 51.12 -147.59999
32.399998 -149.04 55.44 -158.40001
32.399998 -151.92 45.36 -145.44
32.399998 -151.92 46.079998 -146.88
33.12 -154.8 55.44 -158.40001
33.84 -125.28 37.44 -132.48
33.84 -125.28 38.88 -136.08
33.84 -136.8 33.84 -136.8
33.84 -136.8 43.920002 -133.2
33.84 -136.8 43.920002 -133.2
33.84 -126.72 35.28 -133.2
33.84 -126.72 37.44 -132.48
33.84 -126.72 38.88 -136.08
33.84 -126.72 40.32 -128.16
34.559998 -137.52 35.28 -135.36
34.559998 -137.52 35.28 -133.2
34.559998 -137.52 37.44 -132.48
34.559998 -137.52 38.88 -143.28
34.559998 -137.52 38.88 -136.08
34.559998 -137.52 38.88 -138.23999
35.28 -135.36 38.88 -143.28
35.28 -135.36 39.600002 -131.76001
35.28 -135.36 50.399998 -131.04001
35.28 -133.2 37.44 -132.48
35.28 -133.2 38.88 -136.08
35.28 -133.2 38.88 -138.23999
35.28 -133.2 40.32 -128.16
35.28 -133.2 46.8 -142.56
37.44 -132.48 38.88 -136.08
37.44 -132.48 38.88 -138.23999
37.44 -132.48 40.32 -135.36
37.44 -132.48 46.8 -142.56
38.159996 -133.2 38.88 -136.08
38.159996 -133.2 38.88 -136.08
38.159996 -133.2 40.32 -135.36
38.159996 -133.2 49.68 -142.56
38.88 -143.28 57.600002 -151.92
38.88 -143.28 61.2 -156.24
38.88 -136.08 38.88 -138.23999
38.88 -136.08 40.32 -128.16
38.88 -136.08 40.32 -135.36
38.88 -136.08 46.8 -141.84
38.88 -136.08 46.8 -142.56
38.88 -136.08 57.600002 -152.63998
38.88 -136.08 40.32 -135.36
38.88 -136.08 43.920002 -133.2
38.88 -136.08 46.8 -142.56
38.88 -136.08 49.68 -142.56
38.88 -136.08 61.920002 -150.48
38.88 -138.23999 46.8 -142.56
38.88 -138.23999 54.0 -150.48
39.600002 -131.76001 43.920002 -133.2
39.600002 -131.76001 46.8 -140.40001
39.600002 -131.76001 50.399998 -131.04001
39.600002 -131.76001 62.64 -130.31999
40.32 -128.16 40.32 -135.36
40.32 -128.16 46.8 -138.95999
40.32 -135.36 46.8 -142.56
40.32 -135.36 49.68 -142.56
41.04 -139.68001 43.920002 -133.2
41.04 -139.68001 46.8 -141.84
41.04 -139.68001 46.8 -140.40001
41.04 -139.68001 46.8 -138.95999
41.04 -139.68001 46.8 -142.56
41.04 -139.68001 56.159996 -148.31999
43.920002 -133.2 45.36 -145.44
43.920002 -133.2 46.8 -140.40001
43.920002 -133.2 50.399998 -131.04001
43.920002 -133.2 59.04 -126.0
43.920002 -133.2 62.64 -130.31999
43.920002 -133.2 69.119995 -131.76001
45.36 -145.44 46.079998 -146.88
45.36 -145.44 51.12 -147.59999
45.36 -145.44 55.44 -158.40001
45.36 -145.44 79.92 -135.36
46.079998 -146.88 51.12 -147.59999
46.079998 -146.88 78.48 -132.48
46.8 -141.84 46.8 -140.40001
46.8 -141.84 46.8 -138.95999
46.8 -141.84 46.8 -142.56
46.8 -141.84 56.159996 -148.31999
46.8 -140.40001 46.8 -138.95999
46.8 -140.40001 46.8 -142.56
46.8 -140.40001 46.8 -142.56
46.8 -140.40001 49.68 -142.56
46.8 -140.40001 50.399998 -131.04001
46.8 -140.40001 56.159996 -148.31999
46.8 -140.40001 69.119995 -151.92
46.8 -138.95999 56.159996 -148.31999
46.8 -142.56 46.8 -142.56
46.8 -142.56 49.68 -142.56
46.8 -142.56 57.600002 -152.63998
46.8 -142.56 61.920002 -150.48
46.8 -142.56 54.0 -150.48
46.8 -142.56 56.159996 -154.08
46.8 -142.56 61.2 -144.0
49.68 -142.56 61.920002 -150.48
49.68 -142.56 63.36 -153.36002
50.399998 -131.04001 59.04 -126.0
50.399998 -131.04001 62.64 -130.31999
50.399998 -131.04001 69.119995 -131.76001
51.12 -147.59999 55.44 -158.40001
51.12 -147.59999 84.96 -134.64
54.0 -150.48 56.159996 -154.08
54.0 -150.48 57.600002 -152.63998
54.0 -150.48 57.600002 -151.92
54.0 -150.48 61.2 -156.24
54.0 -150.48 63.36 -153.36002
54.0 -150.48 66.96 -156.24
55.44 -158.40001 67.68 -159.12
55.44 -158.40001 67.68 -159.12
55.44 -158.40001 69.840004 -160.56
55.44 -158.40001 79.200005 -154.08
55.44 -158.40001 82.08 -160.56
55.44 -158.40001 100.799995 -167.04
56.159996 -148.31999 66.96 -156.24
56.159996 -148.31999 80.64 -156.96
56.159996 -154.08 57.600002 -152.63998
56.159996 -154.08 57.600002 -151.92
56.159996 -154.08 63.36 -153.36002
56.159996 -154.08 65.520004 -159.12
57.600002 -152.63998 57.600002 -151.92
57.600002 -152.63998 61.2 -156.24
57.600002 -152.63998 61.920002 -150.48
57.600002 -152.63998 65.520004 -159.12
57.600002 -152.63998 66.96 -156.24
57.600002 -152.63998 67.68 -159.12
57.600002 -152.63998 69.119995 -158.40001
57.600002 -152.63998 80.64 -156.96
57.600002 -151.92 61.2 -156.24
57.600002 -151.92 78.48 -149.76
59.04 -126.0 79.200005 -126.0
61.2 -144.0 62.64 -130.31999
61.2 -144.0 66.96 -156.24
61.2 -144.0 68.4 -148.31999
61.2 -144.0 69.840004 -149.76
61.2 -156.24 65.520004 -159.12
61.2 -156.24 66.96 -156.24
61.2 -156.24 67.68 -159.12
61.2 -156.24 69.119995 -158.40001
61.2 -156.24 80.64 -156.96
61.2 -156.24 82.08 -160.56
61.920002 -150.48 69.119995 -158.40001
61.920002 -150.48 80.64 -156.96
61.920002 -150.48 82.08 -160.56
61.920002 -150.48 83.52 -154.08
61.920002 -150.48 86.4 -154.8
62.64 -130.31999 68.4 -148.31999
62.64 -130.31999 69.840004 -149.76
62.64 -130.31999 77.04 -117.36
62.64 -130.31999 78.48 -132.48
62.64 -130.31999 83.52 -107.28
63.36 -153.36002 86.4 -154.8
65.520004 -159.12 80.64 -156.96
66.96 -156.24 67.68 -159.12
66.96 -156.24 69.119995 -158.40001
66.96 -156.24 69.119995 -151.92
66.96 -156.24 69.840004 -160.56
66.96 -156.24 69.840004 -149.76
66.96 -156.24 80.64 -156.96
66.96 -156.24 82.08 -160.56
66.96 -156.24 83.52 -154.08
67.68 -159.12 68.4 -148.31999
67.68 -159.12 69.840004 -160.56
67.68 -159.12 69.840004 -149.76
67.68 -159.12 79.200005 -154.08
67.68 -159.12 69.119995 -158.40001
67.68 -159.12 69.840004 -160.56
67.68 -159.12 69.840004 -149.76
67.68 -159.12 80.64 -156.96
67.68 -159.12 82.08 -160.56
68.4 -148.31999 69.840004 -149.76
68.4 -148.31999 79.200005 -154.08
69.119995 -158.40001 69.119995 -151.92
69.119995 -158.40001 69.840004 -160.56
69.119995 -158.40001 80.64 -156.96
69.119995 -158.40001 82.08 -160.56
69.119995 -131.76001 78.48 -149.76
69.119995 -131.76001 79.92 -135.36
69.119995 -131.76001 79.92 -124.56
69.119995 -131.76001 83.52 -134.64
69.119995 -131.76001 90.0 -116.64
69.119995 -151.92 69.840004 -160.56
69.119995 -151.92 80.64 -156.96
69.119995 -151.92 82.08 -160.56
69.119995 -151.92 90.72 -144.0
69.840004 -160.56 69.840004 -149.76
69.840004 -160.56 79.200005 -154.08
69.840004 -160.56 80.64 -156.96
69.840004 -160.56 82.08 -160.56
69.840004 -149.76 78.48 -132.48
69.840004 -149.76 79.200005 -154.08
69.840004 -149.76 82.08 -160.56
77.04 -117.36 78.48 -102.96
77.04 -117.36 78.48 -132.48
77.04 -117.36 83.52 -107.28
77.04 -117.36 91.44 -128.16
78.48 -149.76 86.4 -154.8
78.48 -149.76 87.12 -152.63998
78.48 -149.76 88.56 -153.36002
78.48 -149.76 88.56 -153.36002
78.48 -149.76 90.72 -144.0
78.48 -149.76 92.159996 -153.36002
78.48 -102.96 83.52 -107.28
78.48 -132.48 79.92 -135.36
78.48 -132.48 79.92 -124.56
78.48 -132.48 84.96 -134.64
78.48 -132.48 85.68001 -128.16
78.48 -132.48 91.44 -128.16
78.48 -132.48 91.44 -138.23999
78.48 -132.48 92.88 -135.36
78.48 -132.48 92.88 -141.84
78.48 -132.48 95.76 -123.12
78.48 -132.48 96.48 -120.24
79.200005 -154.08 82.08 -160.56
79.200005 -154.08 97.200005 -127.44
79.200005 -154.08 100.799995 -167.04
79.200005 -126.0 88.56 -113.04
79.200005 -126.0 90.0 -116.64
79.200005 -126.0 91.44 -128.16
79.200005 -126.0 96.48 -120.24
79.200005 -126.0 96.48 -130.31999
79.200005 -126.0 97.92 -110.159996
79.200005 -126.0 99.36 -132.48
79.200005 -126.0 103.68001 -136.08
79.200005 -126.0 103.68001 -136.08
79.92 -135.36 83.52 -134.64
79.92 -135.36 84.96 -134.64
79.92 -135.36 85.68001 -128.16
79.92 -135.36 90.0 -144.0
79.92 -135.36 97.200005 -137.52
79.92 -135.36 103.68001 -118.08
79.92 -124.56 83.52 -134.64
79.92 -124.56 85.68001 -128.16
79.92 -124.56 90.0 -116.64
80.64 -156.96 82.08 -160.56
80.64 -156.96 83.52 -154.08
80.64 -156.96 86.4 -154.8
80.64 -156.96 86.4 -154.8
80.64 -156.96 87.12 -154.8
80.64 -156.96 87.840004 -157.68001
80.64 -156.96 91.44 -138.23999
80.64 -156.96 92.159996 -153.36002
80.64 -156.96 92.88 -141.84
80.64 -156.96 99.36 -159.12
80.64 -156.96 100.799995 -167.04
80.64 -156.96 110.159996 -157.68001
80.64 -156.96 111.6 -164.16
82.08 -160.56 83.52 -154.08
82.08 -160.56 86.4 -154.8
82.08 -160.56 87.12 -154.8
82.08 -160.56 87.840004 -157.68001
82.08 -160.56 92.159996 -153.36002
82.08 -160.56 99.36 -159.12
82.08 -160.56 100.799995 -167.04
82.08 -160.56 111.6 -164.16
82.08 -160.56 118.08 -167.76
82.08 -160.56 118.08 -169.2
83.52 -134.64 84.96 -134.64
83.52 -134.64 85.68001 -128.16
83.52 -134.64 90.0 -144.0
83.52 -134.64 97.200005 -137.52
83.52 -107.28 112.31999 -93.6
83.52 -154.08 86.4 -154.8
83.52 -154.08 86.4 -154.8
83.52 -154.08 87.12 -152.63998
83.52 -154.08 87.12 -154.8
83.52 -154.08 87.840004 -157.68001
83.52 -154.08 90.72 -144.0
83.52 -154.08 91.44 -138.23999
83.52 -154.08 99.36 -159.12
84.96 -134.64 85.68001 -128.16
84.96 -134.64 91.44 -128.16
84.96 -134.64 92.88 -135.36
84.96 -134.64 92.88 -141.84
84.96 -134.64 95.76 -123.12
84.96 -134.64 96.48 -120.24
84.96 -134.64 109.44 -134.64
85.68001 -128.16 91.44 -128.16
85.68001 -128.16 95.76 -123.12
86.4 -154.8 87.12 -152.63998
86.4 -154.8 87.12 -154.8
86.4 -154.8 87.840004 -157.68001
86.4 -154.8 88.56 -153.36002
86.4 -154.8 88.56 -153.36002
86.4 -154.8 90.0 -144.0
86.4 -154.8 90.72 -144.0
86.4 -154.8 92.159996 -153.36002
86.4 -154.8 90.72 -144.0
86.4 -154.8 92.159996 -153.36002
86.4 -154.8 92.88 -135.36
86.4 -154.8 92.88 -141.84
86.4 -154.8 110.159996 -157.68001
86.4 -154.8 110.88 -163.44
87.12 -152.63998 88.56 -153.36002
87.12 -152.63998 90.0 -144.0
87.12 -152.63998 90.72 -144.0
87.12 -152.63998 92.159996 -153.36002
87.12 -154.8 87.840004 -157.68001
87.12 -154.8 88.56 -153.36002
87.12 -154.8 88.56 -153.36002
87.12 -154.8 90.0 -144.0
87.12 -154.8 90.72 -144.0
87.12 -154.8 92.159996 -153.36002
87.840004 -157.68001 90.72 -144.0
87.840004 -157.68001 92.159996 -153.36002
88.56 -113.04 90.0 -116.64
88.56 -113.04 96.48 -120.24
88.56 -113.04 97.92 -110.159996
88.56 -153.36002 88.56 -153.36002
88.56 -153.36002 90.72 -144.0
88.56 -153.36002 92.159996 -153.36002
88.56 -153.36002 90.0 -144.0
88.56 -153.36002 90.72 -144.0
88.56 -153.36002 92.159996 -153.36002
90.0 -116.64 97.92 -110.159996
90.0 -116.64 103.68001 -118.08
90.0 -116.64 112.31999 -101.52
90.0 -144.0 92.159996 -153.36002
90.0 -144.0 97.200005 -127.44
90.0 -144.0 97.200005 -137.52
90.72 -144.0 92.159996 -153.36002
90.72 -144.0 101.52 -126.0
90.72 -144.0 107.28 -109.44
91.44 -128.16 91.44 -138.23999
91.44 -128.16 92.88 -135.36
91.44 -128.16 92.88 -141.84
91.44 -128.16 95.76 -123.12
91.44 -128.16 96.48 -120.24
91.44 -128.16 97.200005 -127.44
91.44 -128.16 108.0 -119.52
91.44 -128.16 109.44 -134.64
91.44 -138.23999 92.159996 -153.36002
91.44 -138.23999 92.88 -135.36
91.44 -138.23999 95.76 -123.12
91.44 -138.23999 96.48 -120.24
91.44 -138.23999 97.200005 -127.44
91.44 -138.23999 108.0 -119.52
92.159996 -153.36002 97.200005 -137.52
92.159996 -153.36002 99.36 -159.12
92.159996 -153.36002 110.159996 -157.68001
92.88 -135.36 92.88 -141.84
92.88 -135.36 95.76 -123.12
92.88 -135.36 96.48 -120.24
92.88 -135.36 97.200005 -127.44
92.88 -135.36 109.44 -134.64
92.88 -141.84 95.76 -123.12
92.88 -141.84 99.36 -159.12
92.88 -141.84 109.44 -134.64
95.76 -123.12 96.48 -120.24
95.76 -123.12 97.200005 -127.44
95.76 -123.12 109.44 -134.64
95.76 -123.12 112.31999 -93.6
96.48 -120.24 107.28 -109.44
96.48 -120.24 108.0 -119.52
96.48 -120.24 112.31999 -101.52
96.48 -120.24 112.31999 -103.68001
96.48 -130.31999 97.200005 -127.44
96.48 -130.31999 99.36 -132.48
96.48 -130.31999 103.68001 -136.08
96.48 -130.31999 103.68001 -136.08
96.48 -130.31999 109.44 -134.64
97.200005 -127.44 108.0 -119.52
97.200005 -127.44 112.31999 -93.6
97.200005 -137.52 103.68001 -118.08
97.200005 -137.52 112.31999 -137.52
97.200005 -137.52 112.31999 -137.52
97.92 -110.159996 103.68001 -118.08
97.92 -110.159996 112.31999 -101.52
97.92 -110.159996 115.200005 -104.4
99.36 -159.12 100.799995 -167.04
99.36 -159.12 115.92 -156.24
99.36 -159.12 118.08 -167.76
99.36 -159.12 126.72 -150.48
99.36 -132.48 103.68001 -136.08
99.36 -132.48 103.68001 -136.08
99.36 -132.48 110.159996 -135.36
99.36 -132.48 116.64 -138.23999
100.799995 -167.04 118.08 -167.76
100.799995 -167.04 118.799995 -154.8
100.799995 -167.04 159.84 -161.28
100.799995 -167.04 170.63998 -164.16
101.52 -126.0 107.28 -109.44
101.52 -126.0 108.0 -119.52
103.68001 -136.08 103.68001 -136.08
103.68001 -136.08 110.159996 -135.36
103.68001 -136.08 112.31999 -137.52
103.68001 -136.08 112.31999 -137.52
103.68001 -136.08 112.31999 -143.28
103.68001 -136.08 116.64 -138.23999
103.68001 -136.08 110.159996 -135.36
103.68001 -136.08 112.31999 -137.52
103.68001 -136.08 112.31999 -137.52
103.68001 -136.08 112.31999 -143.28
103.68001 -136.08 116.64 -138.23999
103.68001 -118.08 110.88 -119.52
103.68001 -118.08 111.6 -125.28
103.68001 -118.08 115.200005 -104.4
103.68001 -118.08 123.12 -96.48
107.28 -109.44 108.0 -119.52
107.28 -109.44 111.6 -98.64
107.28 -109.44 111.6 -98.64
107.28 -109.44 112.31999 -101.52
107.28 -109.44 112.31999 -97.92
107.28 -109.44 112.31999 -93.6
107.28 -109.44 115.200005 -104.4
107.28 -109.44 119.52 -83.52
108.0 -119.52 109.44 -134.64
108.0 -119.52 111.6 -98.64
108.0 -119.52 111.6 -98.64
108.0 -119.52 112.31999 -97.92
108.0 -119.52 112.31999 -93.6
108.0 -119.52 116.64 -138.23999
108.0 -119.52 126.72 -150.48
109.44 -134.64 110.159996 -157.68001
109.44 -134.64 116.64 -138.23999
109.44 -134.64 118.799995 -154.8
109.44 -134.64 123.12 -138.23999
109.44 -134.64 129.59999 -156.24
109.44 -134.64 131.76001 -99.36
109.44 -134.64 132.48 -156.24
110.159996 -157.68001 110.88 -163.44
110.159996 -157.68001 123.12 -138.23999
110.159996 -157.68001 126.72 -150.48
110.159996 -157.68001 158.40001 -161.28
110.159996 -135.36 111.6 -125.28
110.159996 -135.36 112.31999 -143.28
110.159996 -135.36 116.64 -138.23999
110.88 -163.44 133.92 -160.56
110.88 -119.52 111.6 -125.28
111.6 -98.64 111.6 -98.64
111.6 -98.64 112.31999 -97.92
111.6 -98.64 112.31999 -93.6
111.6 -98.64 119.52 -83.52
111.6 -98.64 112.31999 -97.92
111.6 -98.64 112.31999 -93.6
111.6 -98.64 119.52 -83.52
111.6 -164.16 115.92 -156.24
111.6 -164.16 118.08 -167.76
111.6 -164.16 118.08 -169.2
111.6 -164.16 126.72 -150.48
111.6 -164.16 129.59999 -156.24
111.6 -164.16 132.48 -156.24
111.6 -164.16 159.84 -161.28
112.31999 -101.52 112.31999 -97.92
112.31999 -101.52 115.200005 -104.4
112.31999 -101.52 123.12 -96.48
112.31999 -101.52 133.92 -87.12
112.31999 -101.52 137.52 -82.799995
112.31999 -103.68001 112.31999 -93.6
112.31999 -103.68001 131.76001 -99.36
112.31999 -97.92 112.31999 -93.6
112.31999 -97.92 119.52 -83.52
112.31999 -93.6 115.200005 -104.4
112.31999 -93.6 119.52 -83.52
112.31999 -93.6 123.12 -96.48
112.31999 -93.6 124.56 -65.520004
112.31999 -93.6 141.84 -58.32
112.31999 -137.52 112.31999 -137.52
112.31999 -137.52 121.68001 -138.95999
112.31999 -137.52 125.28 -132.48
112.31999 -137.52 121.68001 -138.95999
112.31999 -137.52 125.28 -132.48
112.31999 -143.28 115.92 -156.24
112.31999 -143.28 116.64 -138.23999
115.200005 -104.4 119.52 -83.52
115.200005 -104.4 125.28 -132.48
115.200005 -104.4 130.31999 -87.840004
115.92 -156.24 118.08 -169.2
115.92 -156.24 123.12 -138.23999
116.64 -138.23999 147.59999 -146.16
118.08 -167.76 118.799995 -154.8
118.08 -167.76 159.84 -161.28
118.08 -167.76 170.63998 -164.16
118.08 -169.2 159.84 -161.28
118.799995 -154.8 123.12 -138.23999
118.799995 -154.8 129.59999 -156.24
119.52 -83.52 133.2 -54.0
119.52 -83.52 141.12 -72.0
121.68001 -138.95999 125.28 -132.48
123.12 -96.48 131.76001 -99.36
123.12 -96.48 133.2 -86.4
123.12 -96.48 133.92 -87.12
123.12 -96.48 137.52 -82.799995
123.12 -138.23999 126.72 -150.48
123.12 -138.23999 131.76001 -99.36
124.56 -65.520004 145.44 -49.68
125.28 -132.48 147.59999 -146.16
126.72 -150.48 129.59999 -156.24
126.72 -150.48 132.48 -156.24
126.72 -150.48 147.59999 -146.16
126.72 -150.48 152.63998 -161.28
126.72 -150.48 159.84 -161.28
129.59999 -156.24 132.48 -156.24
129.59999 -156.24 159.84 -161.28
130.31999 -87.840004 131.76001 -99.36
130.31999 -87.840004 133.2 -86.4
130.31999 -87.840004 137.52 -82.799995
130.31999 -87.840004 141.12 -72.0
131.76001 -99.36 133.2 -86.4
131.76001 -99.36 133.92 -87.12
131.76001 -99.36 137.52 -82.799995
131.76001 -99.36 156.96 -72.72
131.76001 -99.36 158.40001 -78.48
132.48 -156.24 152.63998 -161.28
132.48 -156.24 159.84 -161.28
133.2 -86.4 133.92 -87.12
133.2 -86.4 137.52 -82.799995
133.2 -86.4 141.12 -72.0
133.2 -54.0 134.64 -46.079998
133.2 -54.0 136.8 -46.079998
133.2 -54.0 136.8 -46.079998
133.2 -54.0 136.8 -46.079998
133.2 -54.0 136.8 -47.52
133.2 -54.0 139.68001 -45.36
133.2 -54.0 141.84 -51.12
133.2 -54.0 145.44 -49.68
133.2 -54.0 151.2 -45.36
133.92 -87.12 137.52 -82.799995
133.92 -87.12 141.12 -72.0
133.92 -87.12 162.0 -77.76
133.92 -160.56 147.59999 -146.16
134.64 -46.079998 136.8 -46.079998
134.64 -46.079998 136.8 -46.079998
134.64 -46.079998 136.8 -46.079998
134.64 -46.079998 136.8 -47.52
134.64 -46.079998 139.68001 -45.36
134.64 -46.079998 145.44 -49.68
136.08 -39.600002 137.52 -47.52
136.08 -39.600002 148.31999 -47.52
136.8 -46.079998 136.8 -46.079998
136.8 -46.079998 136.8 -46.079998
136.8 -46.079998 136.8 -47.52
136.8 -46.079998 139.68001 -45.36
136.8 -46.079998 141.84 -51.12
136.8 -46.079998 145.44 -49.68
136.8 -46.079998 151.2 -45.36
136.8 -46.079998 136.8 -46.079998
136.8 -46.079998 136.8 -47.52
136.8 -46.079998 139.68001 -45.36
136.8 -46.079998 141.84 -51.12
136.8 -46.079998 145.44 -49.68
136.8 -46.079998 151.2 -45.36
136.8 -46.079998 136.8 -47.52
136.8 -46.079998 139.68001 -45.36
136.8 -46.079998 141.84 -51.12
136.8 -46.079998 145.44 -49.68
136.8 -46.079998 151.2 -45.36
136.8 -47.52 137.52 -47.52
136.8 -47.52 139.68001 -45.36
136.8 -47.52 141.84 -51.12
136.8 -47.52 145.44 -49.68
136.8 -47.52 146.88 -48.96
136.8 -47.52 146.88 -54.0
137.52 -47.52 141.84 -58.32
137.52 -47.52 145.44 -53.28
137.52 -47.52 148.31999 -47.52
137.52 -82.799995 141.12 -72.0
137.52 -82.799995 158.40001 -64.08
137.52 -82.799995 159.84 -68.4
137.52 -82.799995 162.0 -77.76
139.68001 -45.36 141.84 -51.12
139.68001 -45.36 145.44 -49.68
139.68001 -45.36 151.2 -45.36
139.68001 -45.36 158.40001 -42.48
141.12 -72.0 145.44 -53.28
141.12 -72.0 146.88 -54.0
141.12 -72.0 158.40001 -64.08
141.12 -72.0 159.84 -68.4
141.12 -72.0 162.0 -77.76
141.12 -41.04 146.88 -48.96
141.12 -41.04 148.31999 -47.52
141.84 -45.36 145.44 -53.28
141.84 -45.36 146.88 -48.96
141.84 -58.32 145.44 -49.68
141.84 -58.32 145.44 -53.28
141.84 -58.32 146.88 -48.96
141.84 -58.32 146.88 -54.0
141.84 -58.32 148.31999 -47.52
141.84 -58.32 159.84 -55.44
141.84 -58.32 161.28 -55.44
141.84 -58.32 167.04 -51.12
141.84 -58.32 167.04 -51.12
141.84 -51.12 145.44 -49.68
141.84 -51.12 145.44 -53.28
141.84 -51.12 158.40001 -64.08
142.56 -48.96 145.44 -53.28
142.56 -48.96 146.88 -48.96
142.56 -48.96 146.88 -54.0
145.44 -49.68 146.88 -48.96
145.44 -49.68 151.2 -45.36
145.44 -49.68 158.40001 -42.48
145.44 -49.68 159.84 -55.44
145.44 -49.68 167.04 -51.12
145.44 -49.68 170.63998 -51.12
145.44 -53.28 146.88 -48.96
145.44 -53.28 146.88 -54.0
145.44 -53.28 148.31999 -47.52
145.44 -53.28 172.8 -58.32
146.88 -48.96 146.88 -54.0
146.88 -48.96 148.31999 -47.52
146.88 -48.96 172.8 -58.32
146.88 -54.0 148.31999 -47.52
146.88 -54.0 172.8 -58.32
147.59999 -146.16 156.24 -156.24
147.59999 -146.16 159.84 -159.12
147.59999 -146.16 159.84 -159.12
147.59999 -146.16 159.84 -158.40001
147.59999 -146.16 172.08 -156.24
147.59999 -146.16 189.36002 -113.76
148.31999 -47.52 172.8 -58.32
151.2 -45.36 174.96 -47.52
151.2 -45.36 182.16 -45.36
152.63998 -161.28 158.40001 -161.28
152.63998 -161.28 159.84 -161.28
152.63998 -161.28 159.84 -159.12
152.63998 -161.28 159.84 -159.12
152.63998 -161.28 159.84 -158.40001
152.63998 -161.28 170.63998 -164.16
152.63998 -161.28 172.08 -156.24
156.24 -156.24 159.84 -158.40001
156.96 -72.72 158.40001 -78.48
156.96 -72.72 158.40001 -64.08
156.96 -72.72 159.84 -55.44
156.96 -72.72 175.68001 -67.68
156.96 -72.72 188.63998 -64.08
158.40001 -78.48 175.68001 -67.68
158.40001 -78.48 188.63998 -64.08
158.40001 -42.48 184.31999 -47.52
158.40001 -64.08 159.84 -68.4
158.40001 -64.08 162.0 -77.76
158.40001 -64.08 164.16 -72.0
158.40001 -64.08 170.63998 -57.600002
158.40001 -64.08 172.8 -58.32
158.40001 -64.08 173.52 -54.0
158.40001 -64.08 173.52 -60.48
158.40001 -64.08 175.68001 -67.68
158.40001 -161.28 159.84 -161.28
158.40001 -161.28 174.24 -161.28
158.40001 -161.28 186.48 -154.08
158.40001 -161.28 190.08 -149.04
158.40001 -161.28 195.84 -143.28
159.84 -161.28 159.84 -159.12
159.84 -161.28 159.84 -159.12
159.84 -161.28 159.84 -158.40001
159.84 -161.28 170.63998 -164.16
159.84 -161.28 172.08 -156.24
159.84 -161.28 174.24 -161.28
159.84 -161.28 189.36002 -113.76
159.84 -161.28 190.08 -149.04
159.84 -161.28 198.0 -150.48
159.84 -161.28 208.8 -149.76
159.84 -161.28 217.44 -138.95999
159.84 -161.28 222.48 -154.8
159.84 -159.12 159.84 -159.12
159.84 -159.12 172.08 -156.24
159.84 -159.12 172.08 -156.24
159.84 -68.4 162.0 -77.76
159.84 -68.4 164.16 -72.0
159.84 -68.4 170.63998 -57.600002
159.84 -68.4 172.8 -58.32
159.84 -68.4 175.68001 -67.68
159.84 -68.4 180.0 -70.56
159.84 -158.40001 172.08 -156.24
159.84 -55.44 161.28 -55.44
159.84 -55.44 167.04 -51.12
159.84 -55.44 167.04 -51.12
159.84 -55.44 188.63998 -64.08
161.28 -55.44 167.04 -51.12
161.28 -55.44 172.8 -58.32
161.28 -55.44 185.04 -60.48
162.0 -77.76 164.16 -72.0
162.0 -77.76 180.0 -70.56
162.0 -77.76 205.92 -100.08
164.16 -72.0 175.68001 -67.68
167.04 -51.12 167.04 -51.12
167.04 -51.12 173.52 -54.0
167.04 -51.12 174.96 -47.52
167.04 -51.12 180.0 -48.96
167.04 -51.12 182.88 -54.0
167.04 -51.12 183.59999 -53.28
167.04 -51.12 183.59999 -51.840004
167.04 -51.12 172.8 -49.68
167.04 -51.12 173.52 -54.0
167.04 -51.12 174.96 -47.52
167.04 -51.12 180.0 -48.96
167.04 -51.12 183.59999 -53.28
167.04 -51.12 183.59999 -51.840004
167.04 -51.12 185.04 -51.840004
167.04 -51.12 185.04 -60.48
170.63998 -57.600002 173.52 -54.0
170.63998 -57.600002 177.84 -56.159996
170.63998 -57.600002 179.28 -51.840004
170.63998 -57.600002 182.16 -53.28
170.63998 -57.600002 182.88 -54.0
170.63998 -57.600002 183.59999 -53.28
170.63998 -51.12 172.8 -49.68
170.63998 -51.12 173.52 -54.0
170.63998 -51.12 177.84 -56.159996
170.63998 -51.12 180.0 -48.96
170.63998 -51.12 183.59999 -53.28
170.63998 -51.12 185.04 -60.48
170.63998 -164.16 172.08 -156.24
170.63998 -164.16 217.44 -138.95999
170.63998 -164.16 222.48 -154.8
170.63998 -164.16 234.0 -111.6
172.08 -156.24 195.84 -143.28
172.08 -156.24 217.44 -138.95999
172.8 -49.68 173.52 -54.0
172.8 -49.68 177.84 -56.159996
172.8 -49.68 182.88 -54.0
172.8 -58.32 173.52 -54.0
172.8 -58.32 173.52 -60.48
172.8 -58.32 175.68001 -67.68
172.8 -58.32 177.84 -56.159996
172.8 -58.32 180.0 -70.56
172.8 -58.32 182.88 -54.0
172.8 -58.32 185.04 -60.48
172.8 -58.32 187.2 -66.96
172.8 -58.32 188.63998 -74.88
172.8 -58.32 195.84 -65.520004
172.8 -58.32 203.04 -68.4
172.8 -58.32 205.2 -77.76
173.52 -54.0 177.84 -56.159996
173.52 -54.0 179.28 -51.840004
173.52 -54.0 182.16 -53.28
173.52 -54.0 182.88 -54.0
173.52 -54.0 183.59999 -53.28
173.52 -54.0 183.59999 -51.840004
173.52 -54.0 185.04 -51.840004
173.52 -60.48 175.68001 -67.68
173.52 -60.48 177.84 -56.159996
173.52 -60.48 182.88 -54.0
173.52 -60.48 185.04 -60.48
174.24 -161.28 186.48 -154.08
174.24 -161.28 190.08 -149.04
174.96 -47.52 182.16 -45.36
174.96 -47.52 183.59999 -53.28
174.96 -47.52 189.36002 -53.28
174.96 -47.52 192.24 -56.159996
175.68001 -67.68 177.84 -56.159996
175.68001 -67.68 180.0 -70.56
175.68001 -67.68 182.88 -54.0
175.68001 -67.68 204.48 -92.88
175.68001 -67.68 205.2 -77.76
177.84 -56.159996 179.28 -51.840004
177.84 -56.159996 182.16 -53.28
177.84 -56.159996 182.88 -54.0
177.84 -56.159996 183.59999 -53.28
177.84 -56.159996 183.59999 -51.840004
177.84 -56.159996 185.04 -60.48
179.28 -51.840004 182.88 -54.0
179.28 -51.840004 183.59999 -53.28
179.28 -51.840004 183.59999 -51.840004
180.0 -70.56 187.2 -66.96
180.0 -70.56 188.63998 -74.88
180.0 -70.56 195.84 -65.520004
180.0 -70.56 205.2 -77.76
180.0 -48.96 185.04 -51.840004
180.0 -48.96 190.8 -46.079998
180.0 -48.96 192.24 -56.159996
182.16 -53.28 182.88 -54.0
182.16 -53.28 183.59999 -53.28
182.16 -53.28 183.59999 -51.840004
182.16 -53.28 185.04 -51.840004
182.16 -53.28 194.40001 -57.600002
182.16 -45.36 195.84 -51.12
182.16 -45.36 207.36002 -56.159996
182.88 -54.0 183.59999 -53.28
182.88 -54.0 183.59999 -51.840004
182.88 -54.0 185.04 -51.840004
182.88 -54.0 189.36002 -51.12
182.88 -54.0 194.40001 -57.600002
182.88 -54.0 195.84 -51.12
182.88 -54.0 207.36002 -56.159996
183.59999 -53.28 183.59999 -51.840004
183.59999 -53.28 184.31999 -47.52
183.59999 -53.28 185.04 -51.840004
183.59999 -53.28 189.36002 -51.12
183.59999 -53.28 189.36002 -53.28
183.59999 -53.28 192.24 -56.159996
183.59999 -53.28 194.40001 -64.08
183.59999 -53.28 194.40001 -57.600002
183.59999 -53.28 200.88 -57.600002
183.59999 -51.840004 184.31999 -47.52
183.59999 -51.840004 185.04 -51.840004
183.59999 -51.840004 189.36002 -53.28
183.59999 -51.840004 194.40001 -57.600002
183.59999 -51.840004 200.88 -57.600002
184.31999 -47.52 185.04 -51.840004
184.31999 -47.52 194.40001 -57.600002
184.31999 -47.52 200.88 -57.600002
185.04 -51.840004 189.36002 -53.28
185.04 -51.840004 194.40001 -57.600002
185.04 -51.840004 200.88 -57.600002
185.04 -60.48 187.2 -66.96
185.04 -60.48 188.63998 -74.88
185.04 -60.48 195.84 -65.520004
185.04 -60.48 200.88 -57.600002
185.04 -60.48 216.72 -83.52
186.48 -154.08 190.08 -149.04
186.48 -154.08 211.68001 -132.48
187.2 -66.96 188.63998 -74.88
187.2 -66.96 194.40001 -64.08
187.2 -66.96 205.2 -77.76
188.63998 -74.88 189.36002 -113.76
188.63998 -74.88 194.40001 -64.08
188.63998 -74.88 195.84 -65.520004
188.63998 -74.88 203.04 -68.4
188.63998 -74.88 205.2 -77.76
188.63998 -64.08 189.36002 -53.28
188.63998 -64.08 192.24 -56.159996
188.63998 -64.08 253.44 -110.88
189.36002 -51.12 189.36002 -53.28
189.36002 -51.12 194.40001 -57.600002
189.36002 -113.76 204.48 -92.88
189.36002 -113.76 205.2 -77.76
189.36002 -113.76 205.92 -100.08
189.36002 -113.76 210.24 -102.96
189.36002 -113.76 220.31999 -119.52
189.36002 -113.76 228.24 -95.76
189.36002 -53.28 192.24 -56.159996
189.36002 -53.28 194.40001 -57.600002
189.36002 -53.28 207.36002 -56.159996
190.08 -149.04 195.84 -143.28
190.08 -149.04 208.8 -149.76
190.08 -149.04 211.68001 -132.48
190.08 -149.04 221.04 -112.31999
190.8 -46.079998 192.24 -56.159996
192.24 -56.159996 212.40001 -84.24
194.40001 -64.08 200.88 -57.600002
194.40001 -64.08 203.04 -68.4
194.40001 -64.08 205.2 -77.76
194.40001 -57.600002 216.72 -79.200005
195.84 -51.12 203.04 -61.2
195.84 -51.12 207.36002 -56.159996
195.84 -143.28 221.04 -112.31999
195.84 -143.28 234.0 -111.6
195.84 -65.520004 203.04 -61.2
195.84 -65.520004 203.04 -68.4
195.84 -65.520004 205.2 -77.76
195.84 -65.520004 207.36002 -56.159996
195.84 -65.520004 216.72 -83.52
198.0 -150.48 208.8 -149.76
198.0 -150.48 218.16 -150.48
198.0 -150.48 220.31999 -119.52
200.88 -57.600002 203.04 -68.4
200.88 -57.600002 226.8 -71.28
200.88 -57.600002 233.28 -83.52
203.04 -61.2 205.2 -77.76
203.04 -61.2 207.36002 -56.159996
203.04 -68.4 205.2 -77.76
203.04 -68.4 216.72 -83.52
203.04 -68.4 228.24 -95.76
203.04 -68.4 233.28 -83.52
204.48 -92.88 210.24 -102.96
204.48 -92.88 216.72 -83.52
204.48 -92.88 218.16 -99.36
204.48 -92.88 220.31999 -119.52
204.48 -92.88 222.48 -101.52
204.48 -92.88 225.36002 -95.76
204.48 -92.88 228.24 -95.76
205.2 -77.76 216.72 -83.52
205.2 -77.76 221.04 -112.31999
205.2 -77.76 225.36002 -95.76
205.2 -77.76 227.52 -104.4
205.2 -77.76 228.24 -95.76
205.2 -77.76 234.0 -111.6
205.2 -77.76 239.04 -92.159996
205.2 -77.76 244.8 -103.68001
205.92 -100.08 210.24 -102.96
205.92 -100.08 212.40001 -84.24
205.92 -100.08 213.12 -97.92
205.92 -100.08 220.31999 -119.52
205.92 -100.08 222.48 -101.52
205.92 -100.08 254.16 -128.88
207.36002 -56.159996 226.08 -63.36
207.36002 -56.159996 226.8 -71.28
207.36002 -56.159996 236.88 -77.76
208.8 -149.76 217.44 -138.95999
208.8 -149.76 218.16 -150.48
208.8 -149.76 220.31999 -119.52
208.8 -149.76 222.48 -154.8
208.8 -149.76 234.0 -111.6
208.8 -149.76 247.68001 -156.24
210.24 -102.96 216.72 -83.52
210.24 -102.96 218.16 -99.36
210.24 -102.96 220.31999 -119.52
210.24 -102.96 222.48 -101.52
210.24 -102.96 228.24 -95.76
211.68001 -132.48 222.48 -101.52
211.68001 -132.48 253.44 -110.88
212.40001 -84.24 213.12 -97.92
212.40001 -84.24 216.72 -79.200005
212.40001 -84.24 220.31999 -119.52
212.40001 -84.24 223.2 -88.56
212.40001 -84.24 226.08 -90.72
212.40001 -84.24 226.8 -87.12
213.12 -97.92 216.72 -79.200005
213.12 -97.92 220.31999 -119.52
216.72 -79.200005 223.2 -88.56
216.72 -79.200005 226.08 -90.72
216.72 -79.200005 226.8 -87.12
216.72 -79.200005 237.59999 -98.64
216.72 -83.52 218.16 -99.36
216.72 -83.52 222.48 -101.52
216.72 -83.52 228.24 -95.76
216.72 -83.52 233.28 -83.52
216.72 -83.52 234.0 -111.6
216.72 -83.52 238.31999 -97.92
216.72 -83.52 248.40001 -104.4
217.44 -138.95999 221.04 -112.31999
217.44 -138.95999 222.48 -154.8
217.44 -138.95999 227.52 -104.4
217.44 -138.95999 234.0 -111.6
217.44 -138.95999 247.68001 -156.24
217.44 -138.95999 252.72 -104.4
217.44 -138.95999 260.63998 -105.12
218.16 -99.36 222.48 -101.52
218.16 -99.36 225.36002 -95.76
218.16 -99.36 228.24 -95.76
218.16 -99.36 234.0 -111.6
218.16 -150.48 220.31999 -119.52
218.16 -150.48 247.68001 -156.24
220.31999 -119.52 222.48 -101.52
220.31999 -119.52 254.16 -128.88
220.31999 -119.52 268.56 -142.56
221.04 -97.92 221.04 -112.31999
221.04 -97.92 225.36002 -95.76
221.04 -97.92 233.28 -83.52
221.04 -112.31999 225.36002 -95.76
221.04 -112.31999 228.24 -95.76
221.04 -112.31999 233.28 -83.52
221.04 -112.31999 234.0 -111.6
221.04 -112.31999 244.8 -103.68001
221.04 -112.31999 260.63998 -105.12
222.48 -154.8 234.0 -111.6
222.48 -154.8 247.68001 -156.24
222.48 -154.8 269.28 -127.44
222.48 -101.52 226.08 -90.72
222.48 -101.52 226.8 -87.12
222.48 -101.52 228.24 -95.76
222.48 -101.52 238.31999 -97.92
222.48 -101.52 248.40001 -104.4
223.2 -88.56 226.08 -90.72
223.2 -88.56 226.8 -87.12
223.2 -88.56 237.59999 -98.64
225.36002 -95.76 228.24 -95.76
225.36002 -95.76 233.28 -83.52
225.36002 -95.76 234.0 -111.6
225.36002 -95.76 260.63998 -105.12
226.08 -63.36 226.8 -71.28
226.08 -63.36 236.88 -77.76
226.08 -90.72 226.8 -87.12
226.08 -90.72 228.24 -95.76
226.08 -90.72 237.59999 -98.64
226.08 -90.72 246.96 -93.6
226.8 -71.28 226.8 -87.12
226.8 -71.28 233.28 -83.52
226.8 -71.28 236.88 -77.76
226.8 -71.28 252.72 -104.4
226.8 -87.12 237.59999 -98.64
226.8 -87.12 246.96 -93.6
227.52 -104.4 234.0 -111.6
227.52 -104.4 244.8 -103.68001
227.52 -104.4 260.63998 -105.12
228.24 -95.76 233.28 -83.52
228.24 -95.76 234.0 -111.6
228.24 -95.76 246.96 -93.6
228.24 -95.76 248.40001 -104.4
228.24 -95.76 251.28 -97.200005
228.24 -95.76 252.72 -104.4
228.24 -95.76 252.72 -98.64
228.24 -95.76 257.04 -102.24
228.24 -95.76 260.63998 -105.12
233.28 -83.52 234.0 -111.6
233.28 -83.52 239.04 -92.159996
233.28 -83.52 244.8 -103.68001
233.28 -83.52 251.28 -97.200005
233.28 -83.52 260.63998 -105.12
233.28 -83.52 263.52002 -100.799995
233.28 -83.52 282.24 -100.08
234.0 -111.6 239.04 -92.159996
234.0 -111.6 244.8 -103.68001
234.0 -111.6 246.96 -93.6
234.0 -111.6 251.28 -97.200005
234.0 -111.6 252.72 -104.4
234.0 -111.6 260.63998 -105.12
234.0 -111.6 271.44 -108.0
234.0 -111.6 286.56 -108.0
234.0 -111.6 306.0 -113.04
236.88 -77.76 244.08 -86.4
236.88 -77.76 246.96 -93.6
236.88 -77.76 248.40001 -104.4
236.88 -77.76 252.72 -98.64
236.88 -77.76 257.04 -102.24
237.59999 -98.64 255.59999 -119.52
237.59999 -98.64 263.52002 -116.64
238.31999 -97.92 244.8 -99.36
238.31999 -97.92 245.52 -100.08
238.31999 -97.92 248.40001 -104.4
238.31999 -97.92 254.16 -104.4
238.31999 -97.92 257.04 -102.24
239.04 -92.159996 244.8 -103.68001
239.04 -92.159996 246.96 -93.6
239.04 -92.159996 252.72 -104.4
239.04 -92.159996 260.63998 -105.12
239.04 -92.159996 271.44 -108.0
244.08 -86.4 254.16 -104.4
244.8 -103.68001 246.96 -93.6
244.8 -103.68001 251.28 -97.200005
244.8 -103.68001 252.72 -104.4
244.8 -103.68001 260.63998 -105.12
244.8 -103.68001 264.24 -107.28
244.8 -103.68001 269.28 -131.76001
244.8 -103.68001 269.28 -127.44
244.8 -103.68001 271.44 -108.0
244.8 -99.36 248.40001 -104.4
244.8 -99.36 257.04 -102.24
245.52 -100.08 248.40001 -104.4
245.52 -100.08 254.16 -104.4
245.52 -100.08 257.04 -102.24
246.96 -93.6 248.40001 -104.4
246.96 -93.6 252.72 -104.4
246.96 -93.6 252.72 -98.64
246.96 -93.6 260.63998 -105.12
246.96 -93.6 260.63998 -105.12
246.96 -93.6 262.08002 -100.08
246.96 -93.6 263.52002 -100.799995
246.96 -93.6 264.24 -107.28
246.96 -93.6 266.4 -77.76
247.68001 -156.24 253.44 -110.88
247.68001 -156.24 254.16 -128.88
247.68001 -156.24 274.32 -154.08
247.68001 -156.24 289.44 -164.16
248.40001 -104.4 252.72 -98.64
248.40001 -104.4 254.16 -104.4
248.40001 -104.4 257.04 -102.24
248.40001 -104.4 264.24 -107.28
248.40001 -104.4 276.47998 -136.08
248.40001 -104.4 280.80002 -128.16
251.28 -97.200005 253.44 -110.88
251.28 -97.200005 260.63998 -105.12
251.28 -97.200005 263.52002 -100.799995
251.28 -97.200005 271.44 -108.0
251.28 -97.200005 282.24 -100.08
252.72 -104.4 252.72 -98.64
252.72 -104.4 254.16 -104.4
252.72 -104.4 260.63998 -105.12
252.72 -104.4 260.63998 -105.12
252.72 -104.4 262.08002 -100.08
252.72 -104.4 263.52002 -100.799995
252.72 -104.4 264.24 -107.28
252.72 -104.4 269.28 -127.44
252.72 -104.4 271.44 -112.31999
252.72 -104.4 275.04 -115.92
252.72 -104.4 275.04 -108.72
252.72 -104.4 286.56 -108.0
252.72 -98.64 257.04 -102.24
252.72 -98.64 262.08002 -100.08
252.72 -98.64 272.16 -118.08
252.72 -98.64 275.04 -108.72
253.44 -110.88 255.59999 -153.36002
253.44 -110.88 260.63998 -105.12
253.44 -110.88 265.68 -126.0
253.44 -110.88 286.56 -108.0
253.44 -110.88 306.0 -113.04
253.44 -110.88 326.88 -119.52
254.16 -128.88 268.56 -142.56
254.16 -128.88 270.0 -134.64
254.16 -128.88 274.32 -154.08
254.16 -128.88 285.84 -112.31999
254.16 -128.88 285.84 -138.95999
254.16 -104.4 257.04 -102.24
254.16 -104.4 280.80002 -128.16
255.59999 -119.52 263.52002 -116.64
255.59999 -119.52 265.68 -126.0
255.59999 -119.52 266.4 -133.2
255.59999 -119.52 267.84 -128.16
255.59999 -119.52 269.28 -120.96
255.59999 -153.36002 274.32 -154.08
257.04 -102.24 264.24 -107.28
257.04 -102.24 266.4 -77.76
257.04 -102.24 272.16 -118.08
257.04 -102.24 275.04 -135.36
257.04 -102.24 277.19998 -113.04
257.04 -102.24 280.80002 -128.16
260.63998 -105.12 262.08002 -100.08
260.63998 -105.12 263.52002 -100.799995
260.63998 -105.12 264.24 -107.28
260.63998 -105.12 265.68 -126.0
260.63998 -105.12 269.28 -127.44
260.63998 -105.12 271.44 -108.0
260.63998 -105.12 271.44 -112.31999
260.63998 -105.12 272.16 -103.68001
260.63998 -105.12 273.6 -106.56
260.63998 -105.12 277.19998 -123.840004
260.63998 -105.12 280.08002 -96.48
260.63998 -105.12 280.80002 -102.96
260.63998 -105.12 282.24 -100.08
260.63998 -105.12 282.96 -104.4
260.63998 -105.12 282.96 -100.799995
260.63998 -105.12 286.56 -108.0
260.63998 -105.12 306.0 -113.04
260.63998 -105.12 263.52002 -100.799995
260.63998 -105.12 264.24 -107.28
260.63998 -105.12 280.80002 -123.12
262.08002 -100.08 263.52002 -100.799995
262.08002 -100.08 264.24 -107.28
262.08002 -100.08 275.04 -115.92
262.08002 -100.08 280.80002 -102.96
263.52002 -100.799995 264.24 -107.28
263.52002 -100.799995 271.44 -108.0
263.52002 -100.799995 272.16 -103.68001
263.52002 -100.799995 280.08002 -110.159996
263.52002 -100.799995 280.80002 -120.96
263.52002 -100.799995 282.24 -100.08
263.52002 -116.64 265.68 -126.0
263.52002 -116.64 267.84 -128.16
263.52002 -116.64 269.28 -120.96
263.52002 -116.64 270.0 -134.64
263.52002 -116.64 273.6 -106.56
263.52002 -116.64 274.32 -121.68001
263.52002 -116.64 277.19998 -115.92
263.52002 -116.64 280.80002 -120.96
263.52002 -116.64 280.80002 -128.16
264.24 -107.28 272.16 -103.68001
264.24 -107.28 275.04 -115.92
264.24 -107.28 275.04 -118.799995
264.24 -107.28 280.80002 -102.96
264.24 -107.28 280.80002 -123.12
264.24 -107.28 271.44 -112.31999
264.24 -107.28 275.04 -115.92
264.24 -107.28 275.04 -108.72
264.24 -107.28 277.19998 -113.04
265.68 -126.0 266.4 -133.2
265.68 -126.0 270.0 -134.64
265.68 -126.0 271.44 -108.0
265.68 -126.0 274.32 -138.23999
265.68 -126.0 282.96 -131.04001
266.4 -77.76 278.63998 -70.56
266.4 -77.76 278.63998 -70.56
266.4 -77.76 278.63998 -70.56
266.4 -133.2 270.0 -134.64
266.4 -133.2 271.44 -143.28
266.4 -133.2 274.32 -138.23999
266.4 -133.2 282.96 -131.04001
267.84 -128.16 269.28 -120.96
267.84 -128.16 273.6 -106.56
267.84 -128.16 274.32 -121.68001
267.84 -128.16 274.32 -154.08
267.84 -128.16 277.19998 -115.92
267.84 -128.16 280.80002 -128.16
268.56 -142.56 270.0 -134.64
268.56 -142.56 272.16 -118.08
268.56 -142.56 274.32 -154.08
268.56 -142.56 285.84 -138.95999
268.56 -142.56 289.44 -161.28
268.56 -142.56 315.36002 -156.24
269.28 -120.96 272.16 -118.08
269.28 -120.96 273.6 -106.56
269.28 -120.96 274.32 -121.68001
269.28 -120.96 277.19998 -115.92
269.28 -120.96 280.80002 -120.96
269.28 -120.96 280.80002 -128.16
269.28 -131.76001 283.68 -141.12
269.28 -131.76001 283.68 -133.2
269.28 -131.76001 291.6 -133.2
269.28 -127.44 272.16 -103.68001
269.28 -127.44 275.04 -135.36
269.28 -127.44 275.04 -115.92
269.28 -127.44 275.04 -108.72
269.28 -127.44 280.80002 -102.96
269.28 -127.44 280.80002 -145.44
269.28 -127.44 283.68 -133.2
269.28 -127.44 291.6 -133.2
269.28 -127.44 295.92 -129.59999
270.0 -134.64 271.44 -143.28
270.0 -134.64 272.16 -118.08
270.0 -134.64 274.32 -138.23999
270.0 -134.64 280.80002 -120.96
270.0 -134.64 282.96 -131.04001
270.0 -134.64 285.84 -138.95999
271.44 -108.0 280.80002 -120.96
271.44 -108.0 282.24 -100.08
271.44 -108.0 306.0 -113.04
271.44 -108.0 319.68 -114.48
271.44 -112.31999 272.16 -118.08
271.44 -112.31999 275.04 -108.72
271.44 -112.31999 277.19998 -113.04
271.44 -112.31999 283.68 -124.56
271.44 -112.31999 289.44 -118.08
271.44 -143.28 274.32 -138.23999
271.44 -143.28 276.47998 -136.08
271.44 -143.28 285.84 -138.95999
272.16 -118.08 274.32 -121.68001
272.16 -118.08 277.19998 -115.92
272.16 -118.08 277.19998 -113.04
272.16 -118.08 280.80002 -120.96
272.16 -118.08 285.84 -112.31999
272.16 -118.08 292.32 -120.96
272.16 -103.68001 273.6 -106.56
272.16 -103.68001 280.08002 -96.48
272.16 -103.68001 280.80002 -102.96
272.16 -103.68001 282.96 -100.799995
272.16 -103.68001 285.84 -112.31999
273.6 -106.56 277.19998 -115.92
273.6 -106.56 280.08002 -96.48
273.6 -106.56 280.80002 -102.96
273.6 -106.56 282.96 -100.799995
273.6 -106.56 292.32 -99.36
274.32 -121.68001 277.19998 -115.92
274.32 -121.68001 280.80002 -120.96
274.32 -121.68001 292.32 -120.96
274.32 -154.08 289.44 -161.28
274.32 -154.08 295.92 -172.08
274.32 -154.08 315.36002 -156.24
274.32 -138.23999 293.04 -135.36
275.04 -135.36 280.80002 -145.44
275.04 -135.36 290.16 -147.59999
275.04 -135.36 291.6 -133.2
275.04 -115.92 280.80002 -123.12
275.04 -115.92 280.80002 -128.16
275.04 -115.92 282.96 -131.04001
275.04 -115.92 285.12 -102.24
275.04 -115.92 290.16 -128.16
275.04 -115.92 291.6 -133.2
275.04 -118.799995 277.19998 -123.840004
275.04 -118.799995 280.80002 -123.12
275.04 -118.799995 290.16 -128.16
275.04 -108.72 277.19998 -113.04
275.04 -108.72 300.24 -116.64
275.04 -108.72 300.96 -115.92
276.47998 -136.08 280.80002 -123.12
276.47998 -136.08 280.80002 -128.16
276.47998 -136.08 290.16 -128.16
276.47998 -136.08 303.84 -154.8
277.19998 -115.92 280.80002 -120.96
277.19998 -115.92 285.84 -112.31999
277.19998 -115.92 296.63998 -109.44
277.19998 -113.04 285.84 -126.0
277.19998 -113.04 288.72003 -114.48
277.19998 -113.04 289.44 -118.08
277.19998 -113.04 292.32 -120.96
277.19998 -123.840004 280.80002 -123.12
277.19998 -123.840004 283.68 -124.56
277.19998 -123.840004 288.0 -136.8
277.19998 -123.840004 290.16 -128.16
278.63998 -70.56 278.63998 -70.56
278.63998 -70.56 278.63998 -70.56
278.63998 -70.56 285.84 -86.4
278.63998 -70.56 278.63998 -70.56
278.63998 -70.56 285.84 -86.4
278.63998 -70.56 285.84 -86.4
280.08002 -96.48 280.08002 -110.159996
280.08002 -96.48 280.80002 -102.96
280.08002 -96.48 284.4 -77.04
280.08002 -96.48 284.4 -115.200005
280.08002 -96.48 285.84 -112.31999
280.08002 -96.48 290.88 -100.799995
280.08002 -96.48 292.32 -99.36
280.08002 -110.159996 284.4 -115.200005
280.08002 -110.159996 285.84 -112.31999
280.08002 -110.159996 289.44 -122.4
280.08002 -110.159996 290.16 -128.16
280.80002 -102.96 280.80002 -128.16
280.80002 -102.96 282.96 -104.4
280.80002 -102.96 282.96 -100.799995
280.80002 -102.96 285.84 -112.31999
280.80002 -102.96 288.72003 -103.68001
280.80002 -102.96 290.88 -100.799995
280.80002 -102.96 292.32 -99.36
280.80002 -102.96 294.48 -95.04
280.80002 -102.96 295.92 -94.31999
280.80002 -120.96 282.24 -100.08
280.80002 -120.96 291.6 -146.16
280.80002 -120.96 317.52 -113.76
280.80002 -123.12 280.80002 -128.16
280.80002 -123.12 283.68 -124.56
280.80002 -123.12 289.44 -122.4
280.80002 -123.12 290.16 -128.16
280.80002 -123.12 293.04 -108.72
280.80002 -123.12 298.08 -149.76
280.80002 -128.16 284.4 -115.200005
280.80002 -128.16 285.84 -126.0
280.80002 -128.16 288.0 -136.8
280.80002 -128.16 289.44 -164.16
280.80002 -128.16 290.16 -128.16
280.80002 -128.16 295.92 -153.36002
280.80002 -128.16 296.63998 -131.04001
280.80002 -128.16 298.08 -149.76
280.80002 -128.16 303.84 -154.8
280.80002 -128.16 317.52 -120.96
280.80002 -145.44 291.6 -133.2
280.80002 -145.44 293.76 -149.76
282.24 -100.08 306.0 -113.04
282.24 -100.08 317.52 -113.76
282.24 -100.08 328.32 -113.04
282.96 -104.4 282.96 -100.799995
282.96 -104.4 289.44 -118.08
282.96 -104.4 292.32 -120.96
282.96 -104.4 292.32 -99.36
282.96 -100.799995 285.84 -112.31999
282.96 -100.799995 288.72003 -103.68001
282.96 -100.799995 292.32 -99.36
282.96 -100.799995 294.48 -95.04
282.96 -100.799995 296.63998 -109.44
282.96 -131.04001 294.48 -139.68001
282.96 -131.04001 301.68 -131.04001
282.96 -131.04001 302.4 -121.68001
283.68 -141.12 283.68 -133.2
283.68 -141.12 291.6 -133.2
283.68 -141.12 295.92 -129.59999
283.68 -124.56 285.84 -126.0
283.68 -124.56 288.0 -136.8
283.68 -124.56 288.72003 -114.48
283.68 -124.56 289.44 -122.4
283.68 -124.56 290.16 -128.16
283.68 -124.56 293.04 -135.36
283.68 -133.2 291.6 -133.2
283.68 -133.2 300.24 -116.64
284.4 -115.200005 289.44 -122.4
284.4 -115.200005 290.16 -128.16
285.12 -102.24 285.84 -112.31999
285.12 -102.24 290.88 -100.799995
285.12 -102.24 295.19998 -105.12
285.84 -86.4 285.84 -112.31999
285.84 -86.4 288.72003 -103.68001
285.84 -86.4 293.04 -108.72
285.84 -86.4 295.19998 -105.12
285.84 -112.31999 285.84 -138.95999
285.84 -112.31999 288.72003 -103.68001
285.84 -112.31999 289.44 -118.08
285.84 -112.31999 290.88 -100.799995
285.84 -112.31999 292.32 -120.96
285.84 -112.31999 293.04 -108.72
285.84 -112.31999 295.19998 -105.12
285.84 -112.31999 296.63998 -109.44
285.84 -112.31999 310.32 -136.08
285.84 -126.0 288.0 -136.8
285.84 -126.0 288.72003 -114.48
285.84 -126.0 289.44 -122.4
285.84 -126.0 290.16 -128.16
285.84 -126.0 293.04 -135.36
285.84 -138.95999 290.16 -128.16
285.84 -138.95999 311.04 -134.64
285.84 -138.95999 315.36002 -156.24
286.56 -108.0 306.0 -113.04
286.56 -108.0 319.68 -114.48
286.56 -108.0 326.88 -119.52
286.56 -108.0 333.36002 -113.76
288.0 -136.8 289.44 -122.4
288.0 -136.8 290.16 -128.16
288.0 -136.8 303.84 -154.8
288.72003 -103.68001 288.72003 -114.48
288.72003 -103.68001 289.44 -118.08
288.72003 -103.68001 292.32 -120.96
288.72003 -103.68001 293.04 -108.72
288.72003 -103.68001 295.19998 -105.12
288.72003 -114.48 289.44 -122.4
288.72003 -114.48 290.16 -128.16
288.72003 -114.48 293.04 -108.72
288.72003 -114.48 295.19998 -105.12
288.72003 -114.48 296.63998 -109.44
289.44 -164.16 295.92 -153.36002
289.44 -164.16 313.19998 -172.08
289.44 -164.16 313.92 -167.76
289.44 -122.4 289.44 -118.08
289.44 -122.4 292.32 -120.96
289.44 -122.4 294.48 -139.68001
289.44 -122.4 289.44 -118.08
289.44 -122.4 290.16 -128.16
289.44 -122.4 292.32 -120.96
289.44 -122.4 293.04 -108.72
289.44 -161.28 298.08 -149.76
289.44 -161.28 315.36002 -156.24
289.44 -118.08 290.16 -128.16
289.44 -118.08 292.32 -120.96
289.44 -118.08 310.32 -136.08
290.16 -147.59999 291.6 -146.16
290.16 -147.59999 293.76 -149.76
290.16 -147.59999 294.48 -139.68001
290.16 -147.59999 295.92 -150.48
290.16 -147.59999 300.24 -138.95999
290.16 -147.59999 301.68 -156.24
290.16 -128.16 292.32 -120.96
290.16 -128.16 293.04 -108.72
290.16 -128.16 295.92 -153.36002
290.16 -128.16 296.63998 -131.04001
290.16 -128.16 298.08 -149.76
290.16 -128.16 303.84 -108.72
290.16 -128.16 303.84 -154.8
290.16 -128.16 317.52 -120.96
290.88 -100.799995 292.32 -99.36
290.88 -100.799995 295.19998 -105.12
290.88 -100.799995 300.96 -115.92
291.6 -133.2 334.08 -123.840004
291.6 -146.16 293.76 -149.76
291.6 -146.16 295.92 -150.48
291.6 -146.16 300.24 -138.95999
291.6 -146.16 301.68 -156.24
292.32 -120.96 300.24 -116.64
292.32 -120.96 300.96 -115.92
292.32 -120.96 302.4 -121.68001
292.32 -120.96 308.88 -126.0
292.32 -120.96 308.88 -145.44
292.32 -120.96 310.32 -136.08
292.32 -99.36 294.48 -95.04
292.32 -99.36 295.92 -94.31999
292.32 -99.36 296.63998 -109.44
292.32 -99.36 300.24 -116.64
292.32 -99.36 300.96 -84.96
292.32 -99.36 308.88 -110.159996
293.04 -135.36 306.72003 -128.88
293.04 -135.36 311.04 -134.64
293.04 -108.72 295.19998 -105.12
293.04 -108.72 296.63998 -109.44
293.04 -108.72 303.84 -108.72
293.04 -108.72 308.88 -110.159996
293.76 -149.76 294.48 -139.68001
293.76 -149.76 295.92 -150.48
293.76 -149.76 300.24 -138.95999
293.76 -149.76 301.68 -156.24
294.48 -139.68001 295.92 -150.48
294.48 -139.68001 300.24 -138.95999
294.48 -139.68001 301.68 -131.04001
294.48 -139.68001 303.12 -126.72
294.48 -95.04 295.92 -94.31999
294.48 -95.04 296.63998 -109.44
294.48 -95.04 300.96 -84.96
294.48 -95.04 303.84 -108.72
295.19998 -105.12 310.32 -126.0
295.92 -172.08 315.36002 -156.24
295.92 -153.36002 303.84 -154.8
295.92 -153.36002 313.92 -167.76
295.92 -129.59999 300.24 -138.95999
295.92 -129.59999 300.96 -115.92
295.92 -129.59999 303.12 -126.72
295.92 -129.59999 304.56 -123.12
295.92 -129.59999 310.32 -126.0
295.92 -150.48 300.24 -138.95999
295.92 -150.48 301.68 -156.24
295.92 -94.31999 296.63998 -109.44
295.92 -94.31999 300.96 -84.96
295.92 -94.31999 303.84 -108.72
296.63998 -131.04001 308.88 -126.0
296.63998 -109.44 302.4 -121.68001
296.63998 -109.44 303.12 -126.72
296.63998 -109.44 303.84 -108.72
296.63998 -109.44 304.56 -123.12
296.63998 -109.44 308.88 -110.159996
298.08 -149.76 303.84 -154.8
298.08 -149.76 308.88 -145.44
298.08 -149.76 316.08 -164.88
298.08 -149.76 320.4 -162.0
300.24 -116.64 300.24 -138.95999
300.24 -116.64 300.96 -115.92
300.24 -116.64 308.88 -110.159996
300.24 -116.64 312.48 -108.72
300.24 -116.64 321.12 -113.04
300.24 -138.95999 300.96 -115.92
300.24 -138.95999 301.68 -156.24
300.24 -138.95999 303.12 -126.72
300.24 -138.95999 310.32 -126.0
300.96 -115.92 308.88 -110.159996
300.96 -115.92 312.48 -108.72
300.96 -115.92 321.12 -113.04
301.68 -131.04001 302.4 -121.68001
301.68 -131.04001 303.12 -126.72
301.68 -131.04001 304.56 -123.12
301.68 -131.04001 306.72003 -128.88
301.68 -131.04001 310.32 -126.0
301.68 -131.04001 311.04 -134.64
301.68 -156.24 323.27997 -167.04
302.4 -121.68001 303.12 -126.72
302.4 -121.68001 303.84 -108.72
302.4 -121.68001 304.56 -123.12
302.4 -121.68001 306.72003 -128.88
302.4 -121.68001 308.88 -126.0
302.4 -121.68001 308.88 -110.159996
302.4 -121.68001 310.32 -126.0
303.12 -126.72 304.56 -123.12
303.12 -126.72 306.72003 -128.88
303.12 -126.72 310.32 -126.0
303.84 -108.72 308.88 -110.159996
303.84 -108.72 317.52 -113.76
303.84 -108.72 317.52 -120.96
303.84 -154.8 308.88 -145.44
303.84 -154.8 310.32 -136.08
303.84 -154.8 313.92 -167.76
303.84 -154.8 316.08 -164.88
303.84 -154.8 317.52 -169.92
303.84 -154.8 318.96 -167.76
303.84 -154.8 319.68 -167.76
303.84 -154.8 320.4 -162.0
303.84 -154.8 320.4 -164.88
303.84 -154.8 323.27997 -167.04
304.56 -123.12 306.72003 -128.88
304.56 -123.12 310.32 -126.0
306.0 -113.04 308.88 -126.0
306.0 -113.04 312.48 -108.72
306.0 -113.04 317.52 -113.76
306.0 -113.04 319.68 -114.48
306.0 -113.04 326.88 -119.52
306.0 -113.04 328.32 -113.04
306.0 -113.04 331.92 -114.48
306.0 -113.04 333.36002 -113.76
306.0 -113.04 340.56 -113.76
306.0 -113.04 344.88 -116.64
306.0 -113.04 346.32 -120.24
306.72003 -128.88 308.88 -126.0
306.72003 -128.88 310.32 -126.0
306.72003 -128.88 311.04 -134.64
308.88 -126.0 308.88 -145.44
308.88 -126.0 317.52 -120.96
308.88 -126.0 319.68 -114.48
308.88 -145.44 326.88 -162.0
308.88 -110.159996 317.52 -113.76
308.88 -110.159996 317.52 -120.96
308.88 -110.159996 328.32 -113.04
308.88 -110.159996 331.92 -113.76
310.32 -136.08 310.32 -126.0
310.32 -136.08 326.88 -162.0
310.32 -136.08 339.84 -127.44
310.32 -126.0 339.84 -127.44
311.04 -134.64 324.72003 -134.64
311.04 -134.64 331.19998 -126.0
312.48 -108.72 319.68 -114.48
312.48 -108.72 321.12 -113.04
313.19998 -172.08 313.92 -167.76
313.19998 -172.08 317.52 -169.92
313.19998 -172.08 323.27997 -167.04
313.19998 -172.08 323.27997 -170.63998
313.19998 -172.08 324.72003 -169.92
313.19998 -172.08 326.16 -169.2
313.92 -167.76 316.08 -164.88
313.92 -167.76 317.52 -169.92
313.92 -167.76 318.96 -167.76
313.92 -167.76 319.68 -167.76
313.92 -167.76 320.4 -164.88
313.92 -167.76 323.27997 -167.04
313.92 -167.76 323.27997 -170.63998
313.92 -167.76 324.72003 -169.92
313.92 -167.76 326.16 -169.2
313.92 -167.76 326.88 -162.0
313.92 -167.76 327.6 -172.08
315.36002 -156.24 316.08 -164.88
315.36002 -156.24 320.4 -162.0
315.36002 -156.24 320.4 -164.88
315.36002 -156.24 357.12 -126.72
315.36002 -156.24 360.72003 -131.76001
316.08 -164.88 320.4 -162.0
316.08 -164.88 323.27997 -167.04
316.08 -164.88 323.27997 -170.63998
316.08 -164.88 324.72003 -169.92
316.08 -164.88 326.16 -169.2
317.52 -113.76 317.52 -120.96
317.52 -113.76 319.68 -114.48
317.52 -113.76 326.88 -119.52
317.52 -113.76 328.32 -113.04
317.52 -113.76 331.92 -113.76
317.52 -113.76 331.92 -114.48
317.52 -113.76 333.36002 -113.76
317.52 -113.76 346.32 -120.24
317.52 -113.76 346.32 -118.799995
317.52 -120.96 328.32 -113.04
317.52 -120.96 331.92 -113.76
317.52 -120.96 331.92 -114.48
317.52 -120.96 346.32 -120.24
317.52 -120.96 353.52 -122.4
317.52 -169.92 323.27997 -167.04
317.52 -169.92 323.27997 -170.63998
317.52 -169.92 324.72003 -169.92
317.52 -169.92 326.16 -169.2
318.96 -167.76 319.68 -167.76
318.96 -167.76 323.27997 -167.04
318.96 -167.76 323.27997 -170.63998
318.96 -167.76 335.52 -164.16
319.68 -114.48 321.12 -113.04
319.68 -114.48 326.88 -119.52
319.68 -114.48 328.32 -113.04
319.68 -114.48 331.92 -113.76
319.68 -114.48 331.92 -114.48
319.68 -114.48 333.36002 -113.76
319.68 -114.48 340.56 -113.76
319.68 -114.48 344.88 -116.64
319.68 -114.48 346.32 -120.24
319.68 -167.76 323.27997 -167.04
319.68 -167.76 323.27997 -170.63998
319.68 -167.76 324.72003 -169.92
319.68 -167.76 326.88 -162.0
319.68 -167.76 335.52 -164.16
320.4 -162.0 320.4 -164.88
320.4 -162.0 326.16 -169.2
320.4 -162.0 346.32 -157.68001
320.4 -164.88 323.27997 -167.04
320.4 -164.88 324.72003 -169.92
320.4 -164.88 326.88 -162.0
320.4 -164.88 335.52 -164.16
321.12 -113.04 340.56 -113.76
321.12 -113.04 344.88 -116.64
323.27997 -167.04 323.27997 -170.63998
323.27997 -167.04 324.72003 -169.92
323.27997 -167.04 326.16 -169.2
323.27997 -167.04 326.88 -162.0
323.27997 -167.04 327.6 -172.08
323.27997 -167.04 335.52 -164.16
323.27997 -167.04 336.24 -167.04
323.27997 -167.04 338.4 -166.31999
323.27997 -167.04 340.56 -163.44
323.27997 -170.63998 324.72003 -169.92
323.27997 -170.63998 326.16 -169.2
323.27997 -170.63998 326.88 -162.0
323.27997 -170.63998 327.6 -172.08
323.27997 -170.63998 335.52 -164.16
324.72003 -169.92 326.16 -169.2
324.72003 -169.92 326.88 -162.0
324.72003 -169.92 335.52 -164.16
324.72003 -169.92 336.24 -167.04
326.16 -169.2 335.52 -164.16
326.16 -169.2 336.24 -167.04
326.16 -169.2 340.56 -163.44
326.88 -162.0 327.6 -172.08
326.88 -162.0 335.52 -164.16
326.88 -162.0 336.24 -167.04
326.88 -162.0 338.4 -166.31999
326.88 -162.0 340.56 -163.44
326.88 -162.0 341.27997 -166.31999
326.88 -162.0 346.32 -157.68001
326.88 -119.52 333.36002 -113.76
326.88 -119.52 346.32 -120.24
326.88 -119.52 353.52 -122.4
326.88 -119.52 357.12 -126.72
326.88 -119.52 360.72003 -131.76001
327.6 -172.08 335.52 -164.16
328.32 -113.04 331.92 -113.76
328.32 -113.04 331.92 -114.48
328.32 -113.04 344.88 -116.64
328.32 -113.04 346.32 -120.24
328.32 -113.04 346.32 -118.799995
328.32 -113.04 350.63998 -118.799995
328.32 -113.04 353.52 -122.4
331.19998 -126.0 344.88 -116.64
331.92 -113.76 340.56 -113.76
331.92 -113.76 344.88 -116.64
331.92 -113.76 346.32 -120.24
331.92 -113.76 353.52 -122.4
331.92 -114.48 333.36002 -113.76
331.92 -114.48 346.32 -120.24
331.92 -114.48 353.52 -122.4
333.36002 -113.76 340.56 -113.76
333.36002 -113.76 346.32 -120.24
333.36002 -113.76 353.52 -122.4
333.36002 -113.76 363.6 -115.92
334.08 -123.840004 340.56 -113.76
334.08 -123.840004 344.88 -116.64
334.08 -123.840004 357.84 -115.200005
334.08 -123.840004 363.6 -115.92
335.52 -164.16 336.24 -167.04
335.52 -164.16 338.4 -166.31999
335.52 -164.16 340.56 -163.44
335.52 -164.16 341.27997 -166.31999
335.52 -164.16 346.32 -157.68001
335.52 -164.16 356.4 -141.84
336.24 -167.04 338.4 -166.31999
336.24 -167.04 340.56 -163.44
336.24 -167.04 341.27997 -166.31999
336.24 -167.04 346.32 -157.68001
338.4 -166.31999 340.56 -163.44
338.4 -166.31999 341.27997 -166.31999
338.4 -166.31999 346.32 -157.68001
339.84 -127.44 356.4 -124.56
339.84 -127.44 357.12 -126.72
339.84 -127.44 368.63998 -122.4
340.56 -113.76 344.88 -116.64
340.56 -113.76 346.32 -120.24
340.56 -113.76 346.32 -118.799995
340.56 -113.76 357.84 -115.200005
340.56 -113.76 360.0 -112.31999
340.56 -113.76 363.6 -115.92
340.56 -163.44 341.27997 -166.31999
340.56 -163.44 346.32 -157.68001
340.56 -163.44 356.4 -141.84
341.27997 -166.31999 346.32 -157.68001
344.88 -116.64 346.32 -120.24
344.88 -116.64 346.32 -118.799995
344.88 -116.64 350.63998 -118.799995
344.88 -116.64 357.84 -115.200005
344.88 -116.64 360.0 -112.31999
344.88 -116.64 367.92 -130.31999
344.88 -116.64 378.0 -113.76
346.32 -157.68001 356.4 -141.84
346.32 -157.68001 367.92 -130.31999
346.32 -120.24 346.32 -118.799995
346.32 -120.24 353.52 -122.4
346.32 -120.24 356.4 -141.84
346.32 -120.24 357.12 -126.72
346.32 -120.24 363.6 -123.840004
346.32 -120.24 370.08 -123.12
346.32 -120.24 371.52 -119.52
346.32 -120.24 372.24 -120.96
346.32 -120.24 376.56 -117.36
346.32 -118.799995 350.63998 -118.799995
346.32 -118.799995 353.52 -122.4
346.32 -118.799995 363.6 -123.840004
346.32 -118.799995 367.92 -130.31999
350.63998 -118.799995 353.52 -122.4
350.63998 -118.799995 367.92 -130.31999
353.52 -122.4 356.4 -141.84
353.52 -122.4 357.12 -126.72
353.52 -122.4 363.6 -123.840004
353.52 -122.4 370.08 -123.12
353.52 -122.4 372.24 -120.96
353.52 -122.4 375.12 -125.28
353.52 -122.4 376.56 -117.36
353.52 -122.4 379.44 -121.68001
356.4 -141.84 363.6 -123.840004
356.4 -141.84 368.63998 -122.4
356.4 -141.84 370.08 -123.12
356.4 -141.84 372.24 -120.96
356.4 -141.84 375.12 -125.28
356.4 -124.56 368.63998 -122.4
357.12 -126.72 360.72003 -131.76001
357.12 -126.72 363.6 -123.840004
357.12 -126.72 397.44 -105.840004
357.84 -115.200005 360.0 -112.31999
357.84 -115.200005 363.6 -115.92
357.84 -115.200005 380.88 -115.92
360.0 -112.31999 380.88 -115.92
360.72003 -131.76001 371.52 -119.52
360.72003 -131.76001 380.88 -115.92
360.72003 -131.76001 390.96 -122.4
363.6 -123.840004 368.63998 -122.4
363.6 -123.840004 370.08 -123.12
363.6 -123.840004 371.52 -119.52
363.6 -123.840004 372.24 -120.96
363.6 -123.840004 376.56 -117.36
363.6 -115.92 397.44 -116.64
367.92 -130.31999 379.44 -121.68001
367.92 -130.31999 390.96 -122.4
367.92 -130.31999 397.44 -116.64
368.63998 -122.4 370.08 -123.12
368.63998 -122.4 372.24 -120.96
368.63998 -122.4 381.6 -115.92
368.63998 -122.4 383.04 -115.200005
368.63998 -122.4 397.44 -105.840004
370.08 -123.12 371.52 -119.52
370.08 -123.12 372.24 -120.96
370.08 -123.12 395.27997 -113.04
371.52 -119.52 372.24 -120.96
371.52 -119.52 376.56 -117.36
371.52 -119.52 378.0 -113.76
371.52 -119.52 380.88 -115.92
371.52 -119.52 381.6 -115.92
371.52 -119.52 383.04 -115.200005
371.52 -119.52 384.48 -115.92
372.24 -120.96 375.12 -125.28
372.24 -120.96 376.56 -117.36
372.24 -120.96 378.0 -113.76
372.24 -120.96 379.44 -121.68001
372.24 -120.96 380.88 -115.92
372.24 -120.96 381.6 -115.92
372.24 -120.96 384.48 -115.92
372.24 -120.96 395.27997 -113.04
375.12 -125.28 376.56 -117.36
375.12 -125.28 380.88 -115.92
375.12 -125.28 381.6 -115.92
375.12 -125.28 397.44 -116.64
376.56 -117.36 379.44 -121.68001
376.56 -117.36 381.6 -115.92
376.56 -117.36 397.44 -116.64
376.56 -117.36 399.6 -107.28
378.0 -113.76 380.88 -115.92
378.0 -113.76 383.04 -115.200005
378.0 -113.76 384.48 -115.92
378.0 -113.76 395.27997 -113.04
378.0 -113.76 399.6 -107.28
379.44 -121.68001 383.04 -115.200005
379.44 -121.68001 390.96 -122.4
379.44 -121.68001 393.12 -118.799995
379.44 -121.68001 397.44 -116.64
380.88 -115.92 381.6 -115.92
380.88 -115.92 383.04 -115.200005
380.88 -115.92 384.48 -115.92
380.88 -115.92 390.96 -122.4
380.88 -115.92 397.44 -105.840004
380.88 -115.92 397.44 -116.64
380.88 -115.92 399.6 -107.28
381.6 -115.92 383.04 -115.200005
381.6 -115.92 384.48 -115.92
381.6 -115.92 395.27997 -113.04
381.6 -115.92 397.44 -105.840004
383.04 -115.200005 384.48 -115.92
383.04 -115.200005 395.27997 -113.04
383.04 -115.200005 397.44 -105.840004
384.48 -115.92 390.96 -122.4
384.48 -115.92 399.6 -107.28
390.96 -122.4 393.12 -118.799995
390.96 -122.4 397.44 -116.64
390.96 -122.4 399.6 -107.28
390.96 -122.4 406.08 -112.31999
390.96 -122.4 419.04 -125.28
393.12 -118.799995 397.44 -116.64
393.12 -118.799995 406.08 -112.31999
395.27997 -113.04 425.52 -102.96
397.44 -105.840004 425.52 -83.52
397.44 -105.840004 425.52 -102.96
397.44 -116.64 399.6 -107.28
397.44 -116.64 406.08 -112.31999
397.44 -116.64 419.04 -125.28
397.44 -116.64 425.52 -102.96
397.44 -116.64 426.24 -110.88
399.6 -107.28 406.08 -112.31999
399.6 -107.28 409.68 -85.68001
399.6 -107.28 411.12 -102.24
399.6 -107.28 412.56 -103.68001
399.6 -107.28 413.27997 -102.96
399.6 -107.28 414.0 -109.44
399.6 -107.28 414.0 -105.12
406.08 -112.31999 412.56 -103.68001
406.08 -112.31999 425.52 -102.96
409.68 -85.68001 411.12 -102.24
409.68 -85.68001 412.56 -103.68001
409.68 -85.68001 413.27997 -102.96
409.68 -85.68001 416.16 -63.36
411.12 -102.24 412.56 -103.68001
411.12 -102.24 413.27997 -102.96
411.12 -102.24 414.0 -109.44
411.12 -102.24 414.0 -105.12
411.12 -102.24 425.52 -102.96
412.56 -103.68001 413.27997 -102.96
412.56 -103.68001 414.0 -109.44
412.56 -103.68001 414.0 -105.12
412.56 -103.68001 425.52 -110.88
412.56 -103.68001 425.52 -102.96
413.27997 -102.96 414.0 -109.44
413.27997 -102.96 414.0 -105.12
413.27997 -102.96 425.52 -110.88
413.27997 -102.96 425.52 -102.96
414.0 -109.44 414.0 -105.12
414.0 -109.44 419.04 -125.28
414.0 -109.44 421.92 -102.96
414.0 -109.44 425.52 -102.96
414.0 -105.12 421.92 -102.96
414.0 -105.12 425.52 -102.96
414.0 -105.12 426.96 -103.68001
416.16 -63.36 418.32 -51.12
416.16 -63.36 421.92 -46.079998
416.16 -63.36 424.08 -77.76
418.32 -51.12 421.19998 -42.48
418.32 -51.12 421.92 -46.079998
418.32 -51.12 422.63998 -46.079998
419.04 -125.28 438.48 -132.48
421.19998 -42.48 421.92 -41.04
421.19998 -42.48 422.63998 -39.600002
421.19998 -42.48 422.63998 -42.48
421.19998 -42.48 422.63998 -41.04
421.19998 -42.48 422.63998 -41.04
421.19998 -42.48 423.36002 -45.36
421.19998 -27.36 421.92 -33.84
421.92 -41.04 421.92 -46.079998
421.92 -41.04 422.63998 -42.48
421.92 -41.04 422.63998 -41.04
421.92 -41.04 422.63998 -46.079998
421.92 -41.04 422.63998 -41.04
421.92 -41.04 423.36002 -45.36
421.92 -41.04 421.92 -46.079998
421.92 -41.04 422.63998 -39.600002
421.92 -41.04 422.63998 -42.48
421.92 -41.04 422.63998 -41.04
421.92 -41.04 422.63998 -46.079998
421.92 -41.04 423.36002 -45.36
421.92 -41.04 421.92 -46.079998
421.92 -41.04 422.63998 -39.600002
421.92 -41.04 422.63998 -42.48
421.92 -41.04 422.63998 -41.04
421.92 -41.04 423.36002 -45.36
421.92 -33.84 422.63998 -42.48
421.92 -33.84 422.63998 -41.04
421.92 -33.84 422.63998 -41.04
421.92 -102.96 424.08 -95.04
421.92 -102.96 424.08 -92.88
421.92 -102.96 425.52 -102.96
421.92 -102.96 426.24 -105.12
421.92 -102.96 426.96 -96.48
421.92 -102.96 431.27997 -110.159996
421.92 -46.079998 422.63998 -55.44
421.92 -46.079998 422.63998 -42.48
421.92 -46.079998 422.63998 -41.04
421.92 -46.079998 422.63998 -41.04
421.92 -46.079998 422.63998 -41.04
421.92 -46.079998 422.63998 -46.079998
421.92 -46.079998 422.63998 -41.04
421.92 -46.079998 423.36002 -45.36
421.92 -46.079998 424.08 -41.04
421.92 -46.079998 424.08 -54.0
421.92 -46.079998 425.52 -47.52
421.92 -46.079998 426.96 -43.920002
422.63998 -39.600002 422.63998 -42.48
422.63998 -39.600002 422.63998 -41.04
422.63998 -39.600002 422.63998 -41.04
422.63998 -39.600002 423.36002 -45.36
422.63998 -55.44 422.63998 -42.48
422.63998 -55.44 422.63998 -46.079998
422.63998 -55.44 423.36002 -45.36
422.63998 -55.44 424.08 -77.76
422.63998 -55.44 424.08 -54.0
422.63998 -42.48 422.63998 -41.04
422.63998 -42.48 422.63998 -41.04
422.63998 -42.48 423.36002 -45.36
422.63998 -42.48 424.08 -41.04
422.63998 -42.48 425.52 -46.079998
422.63998 -41.04 422.63998 -41.04
422.63998 -41.04 422.63998 -41.04
422.63998 -41.04 422.63998 -46.079998
422.63998 -41.04 422.63998 -41.04
422.63998 -41.04 423.36002 -45.36
422.63998 -41.04 424.08 -41.04
422.63998 -41.04 422.63998 -46.079998
422.63998 -41.04 423.36002 -45.36
422.63998 -41.04 422.63998 -46.079998
422.63998 -41.04 422.63998 -41.04
422.63998 -41.04 423.36002 -45.36
422.63998 -41.04 424.08 -41.04
422.63998 -46.079998 422.63998 -41.04
422.63998 -46.079998 423.36002 -45.36
422.63998 -46.079998 424.08 -41.04
422.63998 -46.079998 424.08 -54.0
422.63998 -46.079998 424.80002 -47.52
422.63998 -46.079998 425.52 -47.52
422.63998 -46.079998 425.52 -46.079998
422.63998 -46.079998 426.96 -43.920002
422.63998 -41.04 423.36002 -45.36
422.63998 -41.04 424.08 -41.04
423.36002 -45.36 424.08 -41.04
423.36002 -45.36 424.08 -54.0
423.36002 -45.36 424.80002 -47.52
423.36002 -45.36 425.52 -47.52
423.36002 -45.36 425.52 -46.079998
423.36002 -45.36 426.96 -43.920002
423.36002 -90.0 424.08 -90.72
423.36002 -90.0 424.08 -95.04
423.36002 -90.0 424.08 -92.88
423.36002 -90.0 424.80002 -93.6
423.36002 -90.0 424.80002 -93.6
423.36002 -90.0 425.52 -84.96
423.36002 -90.0 426.24 -90.72
423.36002 -90.0 427.68 -90.0
424.08 -77.76 424.08 -90.72
424.08 -77.76 425.52 -102.96
424.08 -77.76 426.24 -90.0
424.08 -77.76 426.24 -90.72
424.08 -77.76 426.24 -92.88
424.08 -77.76 426.96 -87.12
424.08 -90.72 424.08 -95.04
424.08 -90.72 424.08 -92.88
424.08 -90.72 424.80002 -93.6
424.08 -90.72 425.52 -102.96
424.08 -90.72 426.24 -90.72
424.08 -41.04 425.52 -46.079998
424.08 -41.04 432.72003 -33.84
424.08 -95.04 424.08 -92.88
424.08 -95.04 424.80002 -93.6
424.08 -95.04 424.80002 -93.6
424.08 -95.04 425.52 -102.96
424.08 -95.04 426.24 -90.72
424.08 -95.04 426.96 -102.96
424.08 -95.04 427.68 -90.0
424.08 -92.88 425.52 -83.52
424.08 -92.88 425.52 -84.96
424.08 -92.88 426.24 -105.12
424.08 -92.88 426.24 -90.72
424.08 -92.88 426.96 -102.96
424.08 -54.0 424.80002 -47.52
424.08 -54.0 425.52 -47.52
424.08 -54.0 425.52 -83.52
424.08 -54.0 425.52 -46.079998
424.08 -54.0 426.96 -43.920002
424.80002 -47.52 425.52 -47.52
424.80002 -47.52 425.52 -46.079998
424.80002 -47.52 426.96 -43.920002
424.80002 -93.6 424.80002 -93.6
424.80002 -93.6 425.52 -102.96
424.80002 -93.6 426.24 -90.72
424.80002 -93.6 426.24 -92.88
424.80002 -93.6 427.68 -90.0
424.80002 -93.6 425.52 -102.96
424.80002 -93.6 426.24 -90.72
424.80002 -93.6 427.68 -90.0
425.52 -47.52 425.52 -46.079998
425.52 -83.52 425.52 -84.96
425.52 -83.52 431.27997 -90.72
425.52 -83.52 434.88 -95.76
425.52 -83.52 438.48 -94.31999
425.52 -84.96 426.24 -90.72
425.52 -84.96 431.27997 -90.72
425.52 -102.96 426.24 -110.88
425.52 -102.96 426.24 -105.12
425.52 -102.96 426.24 -90.0
425.52 -102.96 426.24 -90.72
425.52 -102.96 426.24 -92.88
425.52 -102.96 426.96 -96.48
425.52 -102.96 426.96 -102.96
425.52 -102.96 426.96 -103.68001
425.52 -102.96 428.4 -95.04
425.52 -102.96 430.56 -95.76
425.52 -102.96 431.27997 -110.159996
425.52 -102.96 431.27997 -110.159996
425.52 -102.96 432.72003 -112.31999
425.52 -102.96 434.88 -95.76
425.52 -102.96 434.88 -111.6
425.52 -102.96 439.19998 -101.52
425.52 -102.96 439.92 -113.76
425.52 -102.96 439.92 -113.76
426.24 -110.88 426.24 -105.12
426.24 -110.88 426.96 -103.68001
426.24 -110.88 431.27997 -110.159996
426.24 -110.88 431.27997 -110.159996
426.24 -110.88 432.72003 -112.31999
426.24 -110.88 439.19998 -101.52
426.24 -105.12 431.27997 -110.159996
426.24 -105.12 431.27997 -110.159996
426.24 -90.0 426.24 -90.72
426.24 -90.0 426.24 -92.88
426.24 -90.0 426.96 -87.12
426.24 -90.0 426.96 -96.48
426.24 -90.0 430.56 -95.76
426.24 -90.72 426.24 -92.88
426.24 -90.72 426.96 -96.48
426.24 -90.72 427.68 -90.0
426.24 -90.72 437.04 -93.6
426.24 -92.88 426.96 -87.12
426.24 -92.88 426.96 -96.48
426.24 -92.88 426.96 -103.68001
426.24 -92.88 428.4 -95.04
426.24 -92.88 430.56 -95.76
426.96 -87.12 426.96 -96.48
426.96 -87.12 428.4 -95.04
426.96 -87.12 430.56 -95.76
426.96 -96.48 426.96 -102.96
426.96 -96.48 426.96 -103.68001
426.96 -96.48 428.4 -95.04
426.96 -96.48 430.56 -95.76
426.96 -96.48 431.27997 -90.72
426.96 -43.920002 432.72003 -33.84
426.96 -102.96 431.27997 -110.159996
426.96 -102.96 431.27997 -110.159996
426.96 -103.68001 428.4 -95.04
426.96 -103.68001 430.56 -95.76
426.96 -103.68001 431.27997 -110.159996
426.96 -103.68001 439.92 -113.76
427.68 -90.0 437.04 -93.6
428.4 -95.04 430.56 -95.76
428.4 -95.04 431.27997 -90.72
428.4 -95.04 435.6 -94.31999
430.56 -95.76 431.27997 -90.72
430.56 -95.76 435.6 -94.31999
430.56 -95.76 439.19998 -101.52
430.56 -95.76 439.92 -97.200005
431.27997 -90.72 435.6 -94.31999
431.27997 -90.72 439.19998 -101.52
431.27997 -110.159996 431.27997 -110.159996
431.27997 -110.159996 432.72003 -112.31999
431.27997 -110.159996 434.88 -111.6
431.27997 -110.159996 439.92 -113.76
431.27997 -110.159996 439.92 -113.76
431.27997 -110.159996 432.72003 -112.31999
431.27997 -110.159996 434.88 -111.6
431.27997 -110.159996 439.92 -113.76
432.72003 -33.84 440.63998 -27.36
432.72003 -33.84 440.63998 -27.36
432.72003 -112.31999 439.92 -113.76
434.88 -95.76 438.48 -94.31999
434.88 -95.76 439.19998 -101.52
434.88 -95.76 440.63998 -96.48
434.88 -111.6 439.92 -113.76
434.88 -111.6 439.92 -113.76
435.6 -94.31999 439.19998 -101.52
435.6 -94.31999 440.63998 -96.48
437.04 -93.6 438.48 -94.31999
437.04 -93.6 439.19998 -101.52
437.04 -93.6 439.92 -97.200005
437.04 -93.6 440.63998 -96.48
438.48 -94.31999 439.19998 -101.52
438.48 -94.31999 439.92 -97.200005
438.48 -94.31999 440.63998 -96.48
439.19998 -101.52 439.92 -97.200005
439.19998 -101.52 440.63998 -96.48
439.92 -97.200005 440.63998 -96.48
439.92 -113.76 439.92 -113.76
440.63998 -27.36 440.63998 -27.36